0.06
0.7
0.6
0.545
0.91
0.875
0.86
0.835
0.86
0.85
0.89
0.885
0.825
0.845
0.875
0.885
0.895
0.86
0.845
0.88
0.875
0.845
0.88
0.87
0.88
0.885
0.865
0.845
0.86
0.9
0.92
0.875
0.915
0.915
0.87
0.91
0.86
0.89
0.84
0.88
0.915
0.86
0.86
0.895
0.89
0.91
0.88
0.895
0.855
0.91
0.885
0.84
0.86
0.865
0.855
0.875
0.86
0.87
0.87
0.9
0.865
0.855
0.895
0.84
0.83
0.87
0.89
0.91
0.865
0.895
0.885
0.9
0.845
0.875
0.865
0.855
0.89
0.9
0.89
0.87
0.865
0.875
0.895
0.865
0.905
0.825
0.89
0.88
0.87
0.865
0.855
0.875
0.88
0.85
0.785
0.805
0.885
0.86
0.9
0.855
0.84
0.465
0.325
0.37
0.275
0.115
0.38
0.365
0.265
0.49
0.46
0.505
0.465
0.395
0.365
0.265
0.275
0.2
0.305
0.3
0.26
0.33
0.275
0.41
0.7
0.865
0.845
0.85
0.625
0.84
0.87
0.855
0.81
0.845
0.83
0.795
0.765
0.72
0.785
0.745
0.88
0.835
0.86
0.75
0.83
0.9
0.84
0.88
0.825
0.78
0.795
0.805
0.835
0.69
0.795
0.74
0.715
0.86
0.85
0.64
0.5
0.35
0.215
0.85
0.855
0.65
0.27
0.325
0.235
0.18
0.205
0.155
0.105
0.25
0.37
0.175
0.145
0.105
0.1
0.2
0.155
0.165
0.16
0.06
0.135
0.17
0.195
0.205
0.275
0.325
0.45
0.49
0.47
0.405
0.46
0.445
0.5
0.485
0.55
0.555
0.48
0.45
0.485
0.535
0.595
0.51
0.505
0.575
0.475
0.475
0.43
0.535
0.55
0.525
0.51
0.53
0.42
0.435
0.485
0.44
0.405
0.33
0.355
0.35
0.465
0.54
0.55
0.42
0.36
0.39
0.405
0.465
0.245
0.16
0.11
0.085
0.08
0.17
0.28
0.385
0.46
0.45
0.555
0.575
0.52
0.465
0.39
0.445
0.545
0.425
0.46
0.47
0.555
0.395
0.425
0.51
0.5
0.465
0.545
0.465
0.475
0.465
0.38
0.44
0.465
0.475
0.475
0.545
0.525
0.395
0.475
0.465
0.5
0.47
0.495
0.51
0.47
0.485
0.455
0.365
0.425
0.475
0.46
0.395
0.32
0.31
0.32
0.39
0.29
0.44
0.28
0.37
0.34
0.26
0.385
0.415
0.33
0.405
0.405
0.425
0.38
0.405
0.555
0.48
0.42
0.355
0.49
0.42
0.415
0.46
0.485
0.44
0.44
0.41
0.385
0.415
0.365
0.44
0.39
0.415
0.355
0.325
0.4
0.355
0.45
0.47
0.39
0.425
0.45
0.465
0.405
0.445
0.42
0.42
0.43
0.445
0.53
0.53
0.475
0.46
0.47
0.545
0.515
0.5
0.45
0.51
0.57
0.51
0.53
0.48
0.535
0.485
0.57
0.585
0.525
0.525
0.63
0.57
0.49
0.44
0.52
0.48
0.335
0.255
0.325
0.345
0.32
0.415
0.505
0.57
0.6
0.515
0.525
0.435
0.555
0.6
0.545
0.595
0.465
0.575
0.53
0.53
0.585
0.605
0.575
0.605
0.58
0.53
0.525
0.645
0.62
0.55
0.61
0.53
0.535
0.49
0.505
0.485
0.45
0.415
0.485
0.575
0.675
0.77
0.75
0.77
0.775
0.835
0.845
0.85
0.765
0.705
0.58
0.52
0.52
0.585
0.465
0.525
0.53
0.47
0.495
0.475
0.42
0.46
0.425
0.42
0.445
0.455
0.47
0.475
0.48
0.385
0.44
0.43
0.44
0.45
0.445
0.395
0.46
0.4
0.32
0.345
0.25
0.205
0.225
0.25
0.505
0.415
0.48
0.465
0.445
0.505
0.485
0.48
0.455
0.35
0.425
0.525
0.385
0.315
0.39
0.49
0.465
0.43
0.38
0.425
0.425
0.39
0.335
0.37
0.565
0.635
0.555
0.58
0.565
0.56
0.65
0.405
0.6
0.55
0.575
0.41
0.505
0.655
0.595
0.615
0.555
0.46
0.48
0.605
0.69
0.65
0.555
0.37
0.22
0.225
0.295
0.285
0.155
0.24
