0.49
0.785
0.96
0.95
0.97
0.95
0.97
0.98
0.975
0.965
0.975
0.95
0.98
0.96
0.955
0.955
0.96
0.955
0.975
0.96
0.945
0.975
0.955
0.965
0.97
0.965
0.97
0.96
0.97
0.965
0.98
0.96
0.97
0.975
0.985
0.98
0.96
0.965
0.96
0.985
0.97
0.965
0.97
0.975
0.96
0.935
0.95
0.965
0.95
0.95
0.955
0.925
0.94
0.955
0.945
0.91
0.905
0.86
0.88
0.895
0.895
0.92
0.94
0.955
0.95
0.92
0.895
0.93
0.93
0.925
0.895
0.925
0.98
0.98
0.945
0.935
0.935
0.97
0.99
0.97
0.94
0.96
0.985
0.965
0.97
0.96
0.96
0.945
0.945
0.945
0.96
0.905
0.91
0.965
0.93
0.94
0.94
0.925
0.94
0.94
0.91
0.89
0.92
0.96
0.94
0.905
0.935
0.945
0.945
0.925
0.935
0.925
0.925
0.915
0.93
0.94
0.955
0.915
0.945
0.98
0.98
0.975
0.935
0.95
0.91
0.95
0.93
0.935
0.94
0.95
0.93
0.94
0.975
0.96
0.95
0.965
0.945
0.93
0.94
0.935
0.95
0.96
0.95
0.925
0.945
0.945
0.91
0.96
0.92
0.965
0.95
0.955
0.955
0.95
0.945
0.93
0.955
0.93
0.945
0.935
0.955
0.96
0.96
0.98
0.925
0.93
0.955
0.945
0.955
0.91
0.92
0.95
0.96
0.955
0.95
0.955
0.935
0.965
0.95
0.95
0.96
0.935
0.93
0.945
0.965
0.955
0.96
0.94
0.95
0.94
0.955
0.945
0.96
0.94
0.97
0.95
0.94
0.94
0.945
0.895
0.96
0.93
0.945
0.94
0.93
0.95
0.94
0.95
0.935
0.905
0.93
0.93
0.915
0.945
0.985
0.935
0.905
0.9
0.96
0.945
0.905
0.94
0.94
0.925
0.89
0.955
0.92
0.9
0.95
0.94
0.945
0.925
0.92
0.93
0.92
0.955
0.925
0.93
0.945
0.955
0.925
0.915
0.92
0.935
0.91
0.94
0.93
0.935
0.95
0.925
0.925
0.925
0.92
0.95
0.94
0.95
0.95
0.95
0.93
0.94
0.93
0.94
0.93
0.925
0.91
0.925
0.91
0.965
0.94
0.935
0.915
0.925
0.945
0.955
0.935
0.945
0.94
0.96
0.94
0.975
0.915
0.925
0.925
0.945
0.93
0.96
0.925
0.94
0.93
0.945
0.95
0.945
0.945
0.96
0.91
0.935
0.935
0.945
0.93
0.925
0.94
0.935
0.935
0.915
0.945
0.925
0.895
0.93
0.945
0.935
0.94
0.935
0.965
0.935
0.91
0.905
0.925
0.935
0.93
0.94
0.95
0.9
0.91
0.935
0.9
0.965
0.94
0.945
0.95
0.9
0.925
0.91
0.93
0.91
0.93
0.94
0.925
0.94
0.945
0.945
0.93
0.93
0.95
0.945
0.95
0.9
0.925
0.955
0.96
0.95
0.94
0.95
0.905
0.92
0.925
0.945
0.97
0.93
0.925
0.915
0.91
0.935
0.92
0.92
0.94
0.935
0.94
0.92
0.94
0.925
0.935
0.9
0.95
0.945
0.915
0.94
0.915
0.935
0.955
0.925
0.965
0.95
0.935
0.965
0.915
0.975
0.955
0.94
0.94
0.95
0.935
0.94
0.93
0.925
0.955
0.965
0.95
0.955
0.97
0.96
0.925
0.92
0.955
0.945
0.93
0.925
0.94
0.965
0.94
0.94
0.95
0.955
0.97
0.93
0.93
0.945
0.95
0.945
0.95
0.93
0.95
0.97
0.92
0.95
0.9
0.935
0.965
0.935
0.965
0.935
0.96
0.94
0.955
0.95
0.985
0.95
0.97
0.935
0.955
0.95
0.98
0.935
0.93
0.95
0.925
0.965
0.925
0.97
0.925
0.96
0.96
0.965
0.95
0.955
0.965
0.945
0.925
0.96
0.975
0.95
0.96
0.96
0.98
0.94
0.975
0.955
0.955
0.95
0.955
0.955
0.965
0.95
0.945
0.945
0.935
0.96
0.94
0.945
0.955
0.99
0.95
0.97
0.935
0.97
0.955
0.94
0.96
0.955
0.955
0.95
0.97
0.965
0.955
0.96
0.965
0.945
0.95
0.95
0.965
0.985
