0.055
0.04
0.05
0.06
0.11
0.095
0.155
0.16
0.135
0.23
0.19
0.175
0.24
0.25
0.185
0.265
0.235
0.27
0.275
0.225
0.27
0.305
0.29
0.33
0.385
0.37
0.365
0.34
0.31
0.315
0.325
0.32
0.3
0.33
0.285
0.235
0.225
0.24
0.215
0.225
0.205
0.255
0.355
0.33
0.31
0.3
0.315
0.345
0.295
0.265
0.33
0.28
0.31
0.38
0.305
0.335
0.395
0.34
0.395
0.38
0.335
0.38
0.405
0.4
0.39
0.375
0.37
0.395
0.345
0.365
0.425
0.34
0.44
0.45
0.425
0.38
0.385
0.39
0.425
0.34
0.31
0.39
0.365
0.425
0.375
0.38
0.39
0.43
0.425
0.44
0.4
0.39
0.43
0.44
0.415
0.47
0.445
0.35
0.505
0.45
0.395
0.425
0.415
0.455
0.44
0.325
0.38
0.385
0.475
0.42
0.46
0.375
0.38
0.425
0.505
0.6
0.485
0.46
0.43
0.385
0.485
0.41
0.41
0.4
0.43
0.385
0.4
0.42
0.435
0.415
0.405
0.47
0.43
0.34
0.35
0.33
0.285
0.35
0.28
0.31
0.405
0.34
0.305
0.385
0.465
0.41
0.365
0.38
0.405
0.405
0.4
0.465
0.43
0.365
0.41
0.375
0.42
0.46
0.41
0.485
0.45
0.515
0.485
0.41
0.505
0.4
0.45
0.415
0.495
0.525
0.525
0.435
0.465
0.365
0.405
0.435
0.52
0.51
0.45
0.45
0.4
0.265
0.305
0.415
0.38
0.315
0.5
0.5
0.535
0.47
0.445
0.53
0.555
0.505
0.51
0.545
0.48
0.44
0.43
0.415
0.435
0.485
0.44
0.525
0.45
0.52
0.455
0.435
0.45
0.43
0.4
0.42
0.435
0.425
0.41
0.4
0.385
0.455
0.45
0.415
0.435
0.48
0.485
0.4
0.465
0.41
0.34
0.375
0.44
0.46
0.425
0.405
0.365
0.375
0.375
0.375
0.36
0.405
0.38
0.375
0.415
0.405
0.335
0.49
0.45
0.435
0.425
0.49
0.465
0.45
0.405
0.4
0.46
0.405
0.435
0.475
0.48
0.435
0.49
0.455
0.43
0.42
0.435
0.42
0.575
0.575
0.56
0.575
0.57
0.59
0.585
0.65
0.52
0.45
0.625
0.625
0.51
0.515
0.585
0.525
0.535
0.55
0.57
0.55
0.535
0.57
0.545
0.59
0.58
0.51
0.505
0.585
0.51
0.525
0.565
0.575
0.55
0.505
0.6
0.51
0.57
0.51
0.56
0.565
0.64
0.66
0.625
0.66
0.685
0.66
0.62
0.55
0.515
0.515
0.505
0.56
0.39
0.38
0.37
0.315
0.37
0.275
0.315
0.355
0.41
0.385
0.38
0.35
0.335
0.325
0.37
0.325
0.345
0.36
0.26
0.375
0.37
0.33
0.33
0.33
0.355
0.28
0.405
0.34
0.37
0.38
0.37
0.39
0.365
0.34
0.34
0.33
0.29
0.34
0.4
0.325
0.35
0.285
0.37
0.31
0.325
0.23
0.28
0.35
0.355
0.36
0.365
0.36
0.4
0.36
0.29
0.355
0.23
0.36
0.345
0.37
0.34
0.425
0.315
0.305
0.355
0.295
0.315
0.355
0.335
0.365
0.32
0.315
0.39
0.495
0.49
0.42
0.4
0.45
0.44
0.455
0.49
0.41
0.4
0.47
0.445
0.44
0.425
0.48
0.4
0.48
0.425
0.495
0.425
0.46
0.45
0.425
0.43
0.445
0.435
0.465
0.42
0.46
0.475
0.48
0.475
0.455
0.4
0.495
0.475
0.415
0.54
0.59
0.56
0.52
0.595
0.55
0.525
0.53
0.57
0.555
0.59
0.515
0.63
0.66
0.635
0.67
0.67
0.625
0.695
0.62
0.685
0.665
0.6
0.63
0.59
0.545
0.53
0.54
0.565
0.525
0.505
0.595
0.55
0.515
0.535
0.5
0.565
0.545
0.555
0.585
0.54
0.515
0.56
0.595
0.55
0.54
0.57
0.505
0.565
0.515
0.425
0.375
0.39
0.345
0.36
0.345
0.39
0.36
0.275
0.405
0.375
0.405
0.4
0.44
0.45
0.46
0.415
0.475
0.425
0.4
0.56
0.63
0.62
0.52
