0.83
0.87
0.87
0.865
0.85
0.865
0.895
0.86
0.85
0.905
0.96
0.98
0.985
0.99
0.985
0.95
0.985
0.95
0.94
0.945
0.955
0.98
0.955
0.945
0.98
0.955
0.97
0.97
0.975
0.97
0.94
0.975
0.955
0.97
0.975
0.94
0.995
0.97
0.95
0.955
0.965
0.94
0.945
0.95
0.95
0.935
0.955
0.94
0.9
0.87
0.81
0.87
0.895
0.895
0.835
0.84
0.88
0.905
0.905
0.925
0.855
0.81
0.855
0.885
0.905
0.865
0.91
0.875
0.915
0.89
0.87
0.87
0.845
0.905
0.875
0.9
0.905
0.905
0.93
0.94
0.97
0.945
0.985
0.965
0.955
0.95
0.96
0.95
0.95
0.955
0.93
0.91
0.875
0.835
0.895
0.9
0.94
0.9
0.91
0.84
0.805
0.76
0.84
0.895
0.93
0.955
0.91
0.935
0.94
0.925
0.905
0.885
0.855
0.865
0.905
0.905
0.89
0.94
0.94
0.945
0.935
0.955
0.945
0.97
0.955
0.94
0.98
0.965
0.965
0.97
0.96
0.935
0.985
0.975
0.97
0.97
0.97
0.945
0.975
0.955
0.97
0.98
0.985
0.975
0.97
0.97
0.97
0.965
0.975
0.955
0.98
0.955
0.98
0.96
0.965
0.96
0.92
0.9
0.935
0.93
0.95
0.95
0.915
0.905
0.91
0.955
0.985
0.975
0.945
0.97
0.97
0.915
0.96
0.93
0.93
0.98
0.94
0.965
0.95
0.97
0.97
0.98
0.985
0.96
0.965
0.97
0.97
0.98
0.96
0.98
0.99
0.97
0.96
0.95
0.955
0.945
0.965
0.94
0.95
0.96
0.96
0.975
0.96
0.965
0.935
0.97
0.975
0.97
0.94
0.965
0.97
0.955
0.945
0.945
0.96
0.955
0.975
0.945
0.97
0.975
0.96
0.97
0.965
0.95
0.965
0.97
0.945
0.985
0.935
0.985
0.97
0.97
0.955
0.975
0.955
0.98
0.975
0.98
0.98
0.95
0.95
0.975
0.975
0.97
0.98
0.97
0.985
0.96
0.965
0.94
0.985
0.965
0.975
0.98
0.99
0.975
0.98
0.985
0.975
0.97
0.925
0.865
0.94
0.955
0.955
0.93
0.95
0.955
0.95
0.975
0.97
0.97
0.985
0.965
0.955
0.94
0.945
0.945
0.96
0.975
0.97
0.975
0.975
0.96
0.96
0.975
0.955
0.97
0.96
0.97
0.955
0.965
0.965
0.935
0.935
0.955
0.985
0.98
0.98
0.96
0.975
0.975
0.98
0.93
0.96
0.935
0.925
0.95
0.94
0.965
0.955
0.98
0.95
0.94
0.975
0.985
0.94
0.88
0.925
0.935
0.975
0.96
0.97
0.97
0.955
0.945
0.99
0.965
0.965
0.95
0.955
0.965
0.97
0.96
0.955
0.945
0.97
0.96
0.96
0.92
0.915
0.865
0.815
0.835
0.9
0.935
0.955
0.975
0.96
0.97
0.96
0.975
0.95
0.95
0.95
0.98
0.96
0.96
0.96
0.95
0.96
0.965
0.955
0.945
0.965
0.965
0.94
0.95
0.98
0.95
0.985
0.96
0.96
0.97
0.96
0.97
0.97
0.98
0.955
0.96
0.92
0.95
0.95
0.955
0.95
0.94
0.975
0.98
0.945
0.97
0.94
0.95
0.955
0.94
0.96
0.965
0.945
0.975
0.94
0.96
0.935
0.935
0.97
0.955
0.935
0.935
0.97
0.985
0.95
0.965
0.95
0.97
0.94
0.965
0.92
0.955
0.94
0.955
0.975
0.97
0.975
0.975
0.975
0.945
0.945
0.97
0.945
0.95
0.95
0.97
0.96
0.955
0.98
0.925
0.93
0.89
0.875
0.74
0.725
0.82
0.84
0.835
0.845
0.915
0.97
0.94
0.985
0.975
0.975
0.97
0.965
0.975
0.95
0.965
0.98
0.955
0.95
0.965
0.97
0.985
0.97
0.97
0.96
0.95
0.945
0.94
0.955
0.95
0.95
0.935
0.95
0.97
0.96
0.98
0.96
0.965
0.97
0.925
0.96
0.965
0.96
0.925
0.92
0.955
0.965
0.96
0.945
0.95
0.96
0.975
0.97
0.945
0.945
0.975
0.955
0.985
0.955
0.95
0.985
0.975
