0.06
0.035
0.03
0.08
0.06
0.055
0.05
0.045
0.045
0.06
0.085
0.06
0.03
0.065
0.065
0.09
0.065
0.055
0.08
0.06
0.06
0.06
0.07
0.06
0.05
0.03
0.06
0.05
0.03
0.015
0.065
0.07
0.065
0.11
0.065
0.05
0.065
0.065
0.02
0.055
0.035
0.035
0.06
0.055
0.055
0.025
0.05
0.06
0.055
0.08
0.045
0.04
0.045
0.05
0.07
0.03
0.075
0.07
0.03
0.035
0.03
0.065
0.065
0.055
0.065
0.04
0.045
0.065
0.07
0.055
0.065
0.06
0.04
0.095
0.09
0.04
0.065
0.06
0.065
0.035
0.065
0.055
0.055
0.04
0.04
0.04
0.075
0.04
0.075
0.025
0.045
0.085
0.075
0.09
0.035
0.055
0.055
0.06
0.055
0.065
0.045
0.1
0.09
0.055
0.045
0.065
0.065
0.095
0.05
0.045
0.02
0.065
0.05
0.09
0.05
0.045
0.065
0.08
0.075
0.095
0.095
0.035
0.075
0.065
0.035
0.015
0.045
0.09
0.08
0.065
0.11
0.045
0.08
0.035
0.06
0.06
0.045
0.075
0.045
0.1
0.04
0.04
0.07
0.095
0.055
0.035
0.055
0.04
0.07
0.11
0.095
0.105
0.03
0.065
0.075
0.035
0.085
0.055
0.11
0.07
0.055
0.09
0.115
0.13
0.095
0.065
0.075
0.09
0.11
0.1
0.09
0.1
0.09
0.095
0.12
0.105
0.07
0.095
0.06
0.09
0.08
0.11
0.105
0.105
0.105
0.115
0.1
0.075
0.105
0.085
0.14
0.135
0.075
0.11
0.12
0.105
0.15
0.065
0.105
0.125
0.1
0.075
0.115
0.125
0.08
0.12
0.145
0.065
0.1
0.135
0.165
0.125
0.16
0.085
0.12
0.14
0.125
0.1
0.115
0.125
0.15
0.105
0.125
0.16
0.13
0.105
0.19
0.15
0.17
0.2
0.25
0.19
0.155
0.16
0.205
0.13
0.105
0.145
0.13
0.17
0.165
0.14
0.17
0.1
0.195
0.23
0.225
0.2
0.19
0.145
0.225
0.23
0.305
0.29
0.245
0.15
0.165
0.28
0.29
0.365
0.26
0.255
0.28
0.345
0.27
0.345
0.22
0.295
0.385
0.445
0.345
0.415
0.45
0.435
0.515
0.45
0.43
0.48
0.3
0.35
0.44
0.6
0.63
0.69
0.58
0.6
0.63
0.595
0.765
0.765
0.72
0.72
0.76
0.765
0.765
0.725
0.8
0.84
0.895
0.9
0.855
0.91
0.89
0.88
0.895
0.905
0.905
0.91
0.915
0.92
0.94
0.905
0.91
0.93
0.925
0.945
0.92
0.95
0.945
0.945
0.905
0.945
0.94
0.895
0.9
0.915
0.905
0.945
0.925
0.92
0.955
0.905
0.935
0.95
0.95
0.935
0.93
0.925
0.935
0.96
0.905
0.94
0.905
0.93
0.96
0.945
0.94
0.955
0.965
0.97
0.965
0.96
0.96
0.92
0.96
0.955
0.99
0.93
0.93
0.965
0.985
0.93
0.96
0.955
0.96
0.935
0.96
0.95
0.975
0.96
0.95
0.97
0.96
0.975
0.945
0.97
0.965
0.96
0.95
0.97
0.935
0.965
0.97
0.96
0.95
0.965
0.96
0.95
0.955
0.955
0.945
0.94
0.955
0.97
0.97
0.945
0.93
0.945
0.98
0.915
0.965
0.96
0.945
0.945
0.98
0.945
0.96
0.97
0.96
0.985
0.945
0.985
0.965
0.97
0.945
0.95
0.965
0.975
0.95
0.97
0.96
0.98
0.945
0.95
0.94
0.96
0.97
0.97
0.985
0.975
0.97
0.965
0.975
0.975
0.975
0.98
0.97
0.96
0.95
0.965
1.0
0.975
0.97
0.96
0.96
0.97
0.975
0.965
0.98
0.955
0.945
0.95
0.955
0.97
0.975
0.935
0.955
0.975
0.965
0.965
0.95
0.93
0.99
0.975
0.95
0.975
0.98
0.98
0.99
0.99
0.975
0.97
0.98
0.97
0.98
0.97
0.96
0.945
0.965
0.965
0.98
0.935
0.975
0.97
0.97
0.975
0.99
0.955
0.975
0.97
0.985
0.965
0.97
0.965
0.965
0.96
0.96
0.955
0.945
0.96
