0.15
0.195
0.185
0.125
0.125
0.14
0.135
0.13
0.115
0.15
0.12
0.1
0.175
0.225
0.165
0.17
0.165
0.23
0.285
0.255
0.165
0.255
0.22
0.235
0.185
0.215
0.17
0.25
0.205
0.255
0.24
0.18
0.3
0.305
0.29
0.19
0.16
0.21
0.235
0.285
0.22
0.235
0.24
0.345
0.16
0.28
0.27
0.325
0.345
0.305
0.39
0.195
0.3
0.33
0.335
0.33
0.365
0.4
0.295
0.295
0.365
0.24
0.325
0.32
0.295
0.395
0.465
0.585
0.5
0.555
0.485
0.46
0.515
0.495
0.445
0.525
0.53
0.49
0.59
0.55
0.435
0.495
0.61
0.66
0.7
0.705
0.805
0.79
0.81
0.805
0.79
0.835
0.765
0.82
0.785
0.79
0.83
0.815
0.82
0.825
0.8
0.79
0.885
0.865
0.91
0.87
0.925
0.91
0.925
0.92
0.93
0.94
0.96
0.94
0.935
0.93
0.965
0.965
0.955
0.93
0.895
0.935
0.945
0.94
0.95
0.96
0.92
0.965
0.965
0.975
0.96
0.965
0.965
0.93
0.955
0.935
0.97
0.945
0.955
0.955
0.945
0.95
0.96
0.94
0.945
0.925
0.975
0.975
0.945
0.965
0.93
0.965
0.97
0.945
0.93
0.925
0.945
0.955
0.96
0.965
0.96
0.945
0.975
0.955
0.95
0.99
0.965
0.91
0.94
0.945
0.98
0.975
0.98
0.95
0.98
0.95
0.965
0.985
0.96
0.98
0.985
0.97
0.98
0.965
0.97
0.96
0.955
0.97
0.97
0.95
0.97
0.99
0.97
0.98
0.99
0.965
0.965
0.955
0.945
0.945
0.96
0.945
0.985
0.98
0.975
0.97
0.975
0.965
0.975
0.97
0.975
0.965
0.965
0.97
0.99
0.975
0.95
0.97
0.97
0.985
0.975
0.97
0.955
0.96
0.96
0.98
0.98
0.975
0.98
0.965
0.97
0.975
0.965
0.98
0.975
0.975
0.965
0.96
0.97
0.945
0.97
0.98
0.965
0.99
0.975
1.0
0.94
0.97
0.97
0.95
0.94
0.975
0.965
0.97
0.96
0.97
0.97
0.97
0.97
0.96
0.95
0.97
0.98
0.975
0.93
0.975
0.98
0.97
0.97
0.97
0.96
0.99
0.975
0.96
0.97
0.98
0.97
0.975
0.965
0.98
0.95
0.96
0.945
0.955
0.955
0.99
0.97
0.975
0.95
0.965
0.975
0.955
0.97
0.95
0.985
0.975
0.97
0.995
0.975
0.95
0.95
0.955
0.97
0.97
0.975
0.955
0.965
0.985
0.985
0.97
0.98
0.96
0.975
0.985
0.945
0.965
0.98
0.98
0.965
0.97
0.98
0.99
0.99
0.975
0.97
0.965
0.97
0.965
0.96
0.975
0.975
0.96
0.975
0.975
0.965
0.97
0.97
0.985
0.97
0.97
0.97
0.965
0.98
0.985
0.97
0.98
0.965
0.97
0.99
0.955
0.965
0.99
0.975
0.95
0.955
0.97
0.975
0.97
0.98
0.99
0.98
0.985
0.975
0.97
0.985
0.98
0.955
0.98
0.97
0.975
0.965
0.955
0.99
0.96
0.98
0.995
0.975
0.975
0.96
0.985
0.985
0.99
0.975
0.945
0.955
0.96
0.98
0.975
0.965
0.97
0.96
0.975
0.98
0.975
0.98
0.99
0.985
0.995
0.965
0.96
0.955
0.975
0.99
0.975
0.98
0.98
0.97
0.98
0.985
0.99
0.97
0.98
1.0
0.98
0.98
0.945
0.98
0.97
0.97
0.985
0.955
0.98
0.98
0.975
1.0
0.99
0.99
0.975
0.975
0.995
0.96
0.965
0.975
0.98
0.975
0.98
0.975
0.985
0.98
0.975
0.98
0.995
1.0
0.975
0.945
0.985
0.99
0.98
0.985
0.98
0.995
0.96
0.995
0.975
0.99
0.98
0.985
0.99
0.975
0.955
0.985
0.96
0.99
0.97
0.97
0.97
0.97
0.985
0.98
0.98
0.995
0.97
0.995
0.96
0.995
0.97
0.985
0.975
0.965
0.98
0.98
0.985
0.985
0.97
0.965
0.99
0.97
0.97
0.955
0.975
0.96
0.95
0.975
0.975
0.97
0.98
0.995
0.98
0.98
0.97
