0.095
0.06
0.075
0.035
0.03
0.1
0.085
0.07
0.075
0.065
0.11
0.105
0.135
0.12
0.075
0.085
0.1
0.11
0.08
0.13
0.125
0.13
0.085
0.145
0.1
0.115
0.1
0.095
0.175
0.12
0.105
0.145
0.11
0.155
0.115
0.125
0.085
0.06
0.11
0.125
0.08
0.07
0.09
0.09
0.115
0.12
0.195
0.09
0.11
0.085
0.12
0.14
0.145
0.115
0.145
0.115
0.105
0.065
0.115
0.12
0.09
0.1
0.14
0.12
0.125
0.11
0.13
0.09
0.125
0.145
0.115
0.115
0.125
0.1
0.125
0.105
0.125
0.115
0.125
0.13
0.11
0.095
0.09
0.21
0.145
0.13
0.09
0.14
0.125
0.13
0.12
0.2
0.185
0.2
0.115
0.145
0.16
0.175
0.145
0.145
0.145
0.195
0.15
0.145
0.135
0.16
0.205
0.145
0.095
0.135
0.14
0.155
0.115
0.145
0.155
0.125
0.13
0.145
0.13
0.125
0.175
0.12
0.115
0.085
0.115
0.11
0.175
0.155
0.135
0.11
0.125
0.13
0.165
0.14
0.17
0.1
0.11
0.15
0.15
0.155
0.165
0.14
0.2
0.19
0.175
0.14
0.14
0.215
0.155
0.175
0.15
0.185
0.18
0.17
0.185
0.255
0.15
0.215
0.17
0.2
0.2
0.22
0.15
0.145
0.16
0.175
0.215
0.185
0.21
0.175
0.16
0.13
0.13
0.145
0.19
0.17
0.165
0.195
0.155
0.13
0.15
0.17
0.145
0.21
0.235
0.16
0.17
0.1
0.165
0.115
0.205
0.265
0.185
0.19
0.17
0.22
0.215
0.24
0.21
0.17
0.125
0.185
0.19
0.14
0.135
0.185
0.16
0.14
0.15
0.175
0.145
0.135
0.21
0.18
0.14
0.14
0.18
0.215
0.16
0.15
0.105
0.14
0.18
0.18
0.19
0.23
0.15
0.21
0.225
0.135
0.145
0.18
0.215
0.245
0.22
0.185
0.155
0.18
0.145
0.22
0.165
0.185
0.17
0.12
0.12
0.14
0.16
0.15
0.145
0.21
0.175
0.175
0.21
0.19
0.16
0.185
0.18
0.16
0.105
0.25
0.15
0.22
0.14
0.145
0.12
0.165
0.14
0.205
0.175
0.16
0.155
0.165
0.175
0.175
0.155
0.17
0.19
0.125
0.11
0.155
0.135
0.16
0.16
0.185
0.205
0.19
0.135
0.15
0.17
0.165
0.135
0.11
0.125
0.19
0.14
0.195
0.24
0.245
0.21
0.215
0.445
0.625
0.7
0.76
0.8
0.795
0.8
0.835
0.8
0.835
0.84
0.825
0.885
0.915
0.905
0.925
0.905
0.9
0.915
0.9
0.91
0.92
0.875
0.88
0.885
0.87
0.905
0.9
0.945
0.935
0.905
0.89
0.91
0.935
0.89
0.905
0.905
0.83
0.89
0.915
0.875
0.915
0.925
0.915
0.895
0.94
0.935
0.905
0.945
0.93
0.945
0.9
0.925
0.93
0.905
0.89
0.935
0.91
0.935
0.895
0.92
0.895
0.9
0.93
0.93
0.935
0.935
0.965
0.94
0.945
0.95
0.95
0.935
0.93
0.935
0.905
0.92
0.91
0.94
0.925
0.91
0.94
0.89
0.96
0.895
0.955
0.905
0.915
0.92
0.945
0.905
0.935
0.905
0.92
0.94
0.96
0.95
0.9
0.94
0.91
0.965
0.945
0.955
0.89
0.925
0.945
0.93
0.93
0.925
0.93
0.915
0.945
0.92
0.925
0.925
0.915
0.945
0.91
0.935
0.94
0.935
0.945
0.91
0.9
0.94
0.94
0.95
0.945
0.94
0.955
0.95
0.945
0.955
0.93
0.945
0.96
0.94
0.925
0.955
0.94
0.94
0.94
0.93
0.935
0.955
0.925
0.935
0.925
0.92
0.965
0.915
0.96
0.945
0.94
0.955
0.94
0.94
0.945
0.92
0.96
0.955
0.945
0.94
0.97
0.92
0.94
0.93
0.965
0.945
0.935
0.96
0.93
0.965
0.94
0.96
0.945
0.955
0.945
0.92
0.955
0.95
0.94
0.98
0.96
0.935
0.925
0.965
0.96
0.955
0.965
0.95
0.95
0.91
0.93
0.95
0.94
0.95
0.965
0.92
0.955
