0.075
0.075
0.05
0.045
0.09
0.14
0.065
0.02
0.035
0.085
0.04
0.04
0.08
0.02
0.04
0.025
0.055
0.05
0.075
0.05
0.03
0.065
0.055
0.045
0.03
0.085
0.03
0.045
0.05
0.055
0.055
0.065
0.04
0.005
0.02
0.05
0.05
0.045
0.045
0.045
0.05
0.04
0.03
0.035
0.055
0.055
0.02
0.04
0.055
0.045
0.09
0.065
0.06
0.015
0.07
0.05
0.045
0.035
0.06
0.095
0.035
0.035
0.065
0.06
0.045
0.055
0.045
0.07
0.085
0.04
0.055
0.04
0.045
0.055
0.05
0.04
0.03
0.045
0.045
0.045
0.02
0.1
0.035
0.055
0.015
0.025
0.005
0.05
0.08
0.035
0.03
0.055
0.05
0.055
0.04
0.025
0.05
0.04
0.075
0.045
0.045
0.045
0.07
0.085
0.025
0.05
0.025
0.05
0.03
0.09
0.06
0.055
0.05
0.05
0.065
0.035
0.05
0.06
0.065
0.045
0.085
0.045
0.025
0.05
0.04
0.03
0.055
0.045
0.08
0.045
0.045
0.04
0.09
0.055
0.07
0.04
0.025
0.025
0.045
0.055
0.02
0.04
0.03
0.04
0.055
0.07
0.055
0.045
0.075
0.035
0.03
0.045
0.06
0.03
0.095
0.035
0.075
0.03
0.01
0.06
0.035
0.05
0.055
0.06
0.075
0.065
0.02
0.03
0.08
0.025
0.025
0.03
0.045
0.07
0.055
0.065
0.05
0.02
0.015
0.075
0.04
0.02
0.04
0.075
0.045
0.015
0.04
0.055
0.07
0.02
0.035
0.04
0.04
0.045
0.035
0.04
0.03
0.06
0.075
0.03
0.04
0.04
0.065
0.04
0.055
0.035
0.04
0.05
0.065
0.07
0.035
0.06
0.03
0.05
0.035
0.06
0.025
0.03
0.015
0.04
0.03
0.075
0.05
0.065
0.035
0.025
0.055
0.045
0.03
0.055
0.045
0.03
0.065
0.075
0.02
0.045
0.065
0.05
0.05
0.05
0.04
0.06
0.045
0.02
0.035
0.08
0.02
0.04
0.015
0.025
0.05
0.04
0.03
0.055
0.025
0.04
0.03
0.05
0.02
0.065
0.07
0.08
0.045
0.04
0.05
0.035
0.1
0.035
0.04
0.03
0.06
0.02
0.04
0.055
0.07
0.045
0.035
0.025
0.035
0.03
0.045
0.03
0.06
0.075
0.04
0.035
0.035
0.045
0.1
0.03
0.02
0.065
0.075
0.045
0.06
0.055
0.045
0.06
0.015
0.025
0.105
0.115
0.185
0.165
0.115
0.095
0.06
0.115
0.18
0.2
0.115
0.08
0.14
0.125
0.105
0.145
0.17
0.155
0.095
0.095
0.13
0.12
0.11
0.08
0.13
0.11
0.115
0.165
0.11
0.135
0.115
0.105
0.135
0.125
0.08
0.135
0.135
0.11
0.145
0.12
0.155
0.105
0.135
0.125
0.145
0.12
0.15
0.16
0.145
0.175
0.135
0.16
0.14
0.125
0.155
0.105
0.125
0.215
0.125
0.19
0.155
0.22
0.075
0.15
0.175
0.155
0.17
0.155
0.18
0.16
0.15
0.145
0.16
0.14
0.165
0.17
0.175
0.1
0.135
0.235
0.18
0.185
0.15
0.245
0.195
0.245
0.265
0.155
0.18
0.165
0.13
0.185
0.32
0.245
0.19
0.23
0.155
0.195
0.285
0.205
0.15
0.18
0.15
0.155
0.145
0.21
0.195
0.235
0.225
0.31
0.2
0.245
0.215
0.235
0.2
0.175
0.28
0.24
0.25
0.235
0.215
0.175
0.26
0.23
0.235
0.32
0.235
0.22
0.23
0.24
0.19
0.23
0.22
0.2
0.245
0.23
0.205
0.27
0.275
0.28
0.245
0.21
0.185
0.26
0.31
0.355
0.315
0.36
0.42
0.42
0.36
0.445
0.49
0.415
0.515
0.54
0.445
0.555
0.565
0.58
0.64
0.65
0.63
0.67
0.775
0.77
0.69
0.705
0.66
0.765
0.75
0.75
0.765
0.745
0.75
0.845
0.9
0.91
0.865
0.91
0.89
0.88
0.885
0.92
0.875
0.92
0.905
0.93
0.9
0.89
0.905
0.85
0.825
0.95
0.875
0.93
0.875
0.9
0.88
0.9
