0.08
0.02
0.06
0.055
0.045
0.05
0.04
0.04
0.08
0.08
0.05
0.1
0.06
0.035
0.05
0.02
0.07
0.055
0.07
0.035
0.07
0.06
0.08
0.085
0.055
0.1
0.055
0.075
0.12
0.03
0.07
0.075
0.06
0.065
0.06
0.065
0.1
0.075
0.05
0.105
0.105
0.085
0.055
0.07
0.07
0.065
0.1
0.125
0.085
0.045
0.065
0.06
0.03
0.095
0.06
0.045
0.065
0.075
0.085
0.07
0.075
0.06
0.115
0.05
0.09
0.065
0.055
0.05
0.075
0.03
0.055
0.075
0.095
0.085
0.08
0.035
0.105
0.055
0.08
0.095
0.075
0.08
0.075
0.05
0.055
0.095
0.085
0.085
0.065
0.08
0.05
0.1
0.07
0.08
0.08
0.06
0.07
0.03
0.045
0.11
0.11
0.095
0.055
0.105
0.08
0.075
0.055
0.055
0.075
0.035
0.055
0.045
0.075
0.13
0.075
0.065
0.06
0.07
0.055
0.115
0.045
0.09
0.145
0.045
0.09
0.04
0.085
0.05
0.07
0.05
0.07
0.08
0.055
0.07
0.09
0.08
0.09
0.105
0.075
0.085
0.065
0.035
0.065
0.075
0.03
0.11
0.09
0.09
0.05
0.075
0.065
0.095
0.085
0.08
0.055
0.08
0.07
0.1
0.055
0.12
0.07
0.06
0.1
0.08
0.14
0.055
0.06
0.075
0.08
0.075
0.065
0.07
0.07
0.085
0.075
0.07
0.05
0.06
0.075
0.09
0.055
0.09
0.055
0.135
0.085
0.09
0.07
0.09
0.08
0.075
0.075
0.07
0.07
0.07
0.08
0.08
0.06
0.07
0.09
0.085
0.065
0.065
0.045
0.065
0.065
0.065
0.125
0.085
0.065
0.105
0.075
0.08
0.065
0.105
0.065
0.045
0.105
0.05
0.05
0.075
0.065
0.065
0.065
0.075
0.105
0.115
0.055
0.055
0.03
0.12
0.1
0.05
0.045
0.06
0.095
0.05
0.07
0.085
0.05
0.09
0.075
0.06
0.055
0.055
0.045
0.075
0.065
0.1
0.075
0.05
0.045
0.085
0.105
0.075
0.075
0.04
0.06
0.085
0.105
0.085
0.03
0.07
0.07
0.065
0.075
0.05
0.05
0.115
0.08
0.09
0.08
0.08
0.055
0.105
0.085
0.075
0.07
0.115
0.075
0.105
0.07
0.125
0.085
0.09
0.065
0.05
0.055
0.035
0.085
0.11
0.085
0.045
0.125
0.09
0.06
0.06
0.11
0.065
0.065
0.09
0.235
0.31
0.445
0.615
0.615
0.58
0.675
0.675
0.595
0.635
0.7
0.775
0.735
0.705
0.69
0.735
0.72
0.695
0.805
0.86
0.855
0.89
0.9
0.885
0.87
0.905
0.865
0.855
0.85
0.895
0.86
0.925
0.91
0.945
0.89
0.895
0.885
0.875
0.925
0.89
0.905
0.935
0.905
0.93
0.92
0.925
0.905
0.925
0.92
0.895
0.945
0.935
0.935
0.93
0.93
0.94
0.93
0.925
0.945
0.945
0.95
0.935
0.94
0.95
0.915
0.925
0.91
0.935
0.955
0.91
0.935
0.915
0.95
0.955
0.96
0.955
0.97
0.94
0.95
0.92
0.915
0.92
0.95
0.965
0.915
0.94
0.935
0.93
0.92
0.94
0.945
0.925
0.94
0.925
0.945
0.955
0.96
0.96
0.96
0.91
0.96
0.94
0.925
0.95
0.93
0.94
0.97
0.93
0.94
0.97
0.95
0.97
0.93
0.94
0.965
0.925
0.925
0.965
0.93
0.95
0.97
0.965
0.95
0.96
0.96
0.925
0.935
0.945
0.95
0.955
0.96
0.95
0.965
0.96
0.955
0.945
0.94
0.96
0.925
0.95
0.955
0.945
0.955
0.96
0.965
0.945
0.93
0.945
0.965
0.95
0.97
0.945
0.945
0.93
0.94
0.925
0.925
0.94
0.955
0.945
0.92
0.94
0.93
0.925
0.965
0.965
0.96
0.905
0.915
0.92
0.925
0.925
0.925
0.95
0.91
0.93
0.895
0.945
0.95
0.94
0.935
0.89
0.94
0.985
0.935
0.945
0.945
0.94
0.935
0.91
0.94
0.97
0.915
0.94
0.94
0.945
0.975
0.94
0.98
0.93
