0.025
0.065
0.06
0.035
0.055
0.04
0.055
0.04
0.075
0.07
0.07
0.025
0.065
0.04
0.05
0.065
0.07
0.045
0.09
0.07
0.045
0.04
0.08
0.04
0.085
0.085
0.08
0.025
0.04
0.045
0.05
0.05
0.06
0.1
0.04
0.09
0.035
0.095
0.02
0.03
0.04
0.075
0.055
0.065
0.085
0.07
0.05
0.06
0.03
0.02
0.05
0.065
0.03
0.045
0.02
0.065
0.07
0.07
0.045
0.065
0.07
0.03
0.07
0.085
0.095
0.085
0.055
0.055
0.04
0.03
0.03
0.045
0.03
0.075
0.02
0.085
0.03
0.045
0.09
0.055
0.055
0.08
0.045
0.065
0.045
0.105
0.05
0.08
0.065
0.05
0.065
0.04
0.07
0.025
0.075
0.035
0.035
0.05
0.06
0.05
0.035
0.05
0.035
0.05
0.045
0.05
0.035
0.05
0.04
0.07
0.065
0.04
0.05
0.03
0.075
0.085
0.06
0.06
0.055
0.055
0.065
0.04
0.035
0.09
0.045
0.09
0.075
0.065
0.065
0.02
0.045
0.045
0.055
0.105
0.05
0.06
0.05
0.08
0.07
0.045
0.03
0.055
0.05
0.015
0.085
0.05
0.055
0.075
0.04
0.06
0.035
0.06
0.045
0.035
0.055
0.055
0.065
0.055
0.05
0.08
0.035
0.06
0.01
0.08
0.055
0.04
0.045
0.075
0.075
0.055
0.065
0.05
0.05
0.045
0.045
0.07
0.07
0.065
0.055
0.03
0.065
0.06
0.09
0.045
0.05
0.055
0.055
0.045
0.06
0.055
0.05
0.04
0.05
0.06
0.055
0.045
0.04
0.065
0.065
0.015
0.085
0.045
0.05
0.015
0.04
0.07
0.045
0.04
0.065
0.025
0.035
0.04
0.055
0.015
0.055
0.1
0.07
0.055
0.06
0.05
0.055
0.04
0.07
0.045
0.035
0.075
0.035
0.05
0.06
0.045
0.07
0.05
0.04
0.055
0.05
0.07
0.03
0.03
0.07
0.045
0.03
0.045
0.03
0.085
0.055
0.05
0.03
0.04
0.03
0.06
0.07
0.055
0.075
0.045
0.05
0.085
0.04
0.035
0.06
0.03
0.04
0.025
0.02
0.02
0.05
0.07
0.035
0.03
0.05
0.065
0.04
0.045
0.065
0.045
0.07
0.075
0.07
0.055
0.055
0.06
0.045
0.04
0.1
0.085
0.07
0.055
0.085
0.14
0.035
0.085
0.05
0.035
0.055
0.045
0.055
0.08
0.045
0.095
0.09
0.085
0.265
0.31
0.325
0.39
0.32
0.39
0.445
0.45
0.445
0.405
0.39
0.375
0.31
0.265
0.32
0.345
0.35
0.365
0.34
0.4
0.445
0.345
0.495
0.425
0.485
0.475
0.46
0.48
0.625
0.7
0.695
0.71
0.755
0.845
0.84
0.895
0.885
0.89
0.865
0.87
0.875
0.905
0.895
0.9
0.92
0.915
0.915
0.94
0.93
0.93
0.945
0.92
0.96
0.935
0.95
0.975
0.915
0.96
0.885
0.93
0.91
0.93
0.9
0.925
0.885
0.9
0.895
0.895
0.935
0.92
0.92
0.925
0.895
0.93
0.905
0.91
0.91
0.945
0.935
0.89
0.915
0.88
0.945
0.925
0.95
0.955
0.965
0.905
0.95
0.945
0.93
0.92
0.95
0.96
0.97
0.97
0.95
0.93
0.91
0.955
0.96
0.99
0.95
0.965
0.945
0.975
0.96
0.965
0.93
0.955
0.96
0.945
0.965
0.97
0.955
0.935
0.945
0.97
0.965
0.965
0.95
0.96
0.97
0.95
0.965
0.95
0.955
0.91
0.97
0.96
0.935
0.94
0.925
0.98
0.91
0.94
0.995
0.975
0.98
0.965
0.95
0.98
0.955
0.96
0.98
0.96
0.965
0.95
0.955
0.955
0.98
0.98
0.965
0.97
0.985
0.945
0.96
0.955
0.97
0.97
0.965
0.955
0.94
0.96
0.95
0.92
0.955
0.96
0.96
0.975
0.94
0.925
0.965
0.955
0.975
0.955
0.945
0.92
0.935
0.965
0.96
0.96
0.98
0.965
0.95
0.975
0.96
0.965
0.965
0.95
0.97
0.945
0.975
0.97
0.95
0.97
0.955
0.975
0.92
0.95
