0.065
0.075
0.04
0.03
0.04
0.065
0.085
0.07
0.08
0.075
0.035
0.09
0.07
0.09
0.045
0.03
0.075
0.075
0.06
0.075
0.055
0.07
0.04
0.045
0.065
0.06
0.09
0.07
0.02
0.07
0.045
0.035
0.065
0.045
0.06
0.075
0.085
0.04
0.055
0.08
0.03
0.07
0.06
0.055
0.06
0.045
0.05
0.065
0.05
0.06
0.045
0.05
0.075
0.05
0.065
0.08
0.075
0.05
0.05
0.06
0.075
0.06
0.115
0.115
0.045
0.05
0.08
0.07
0.07
0.065
0.115
0.075
0.06
0.045
0.06
0.04
0.09
0.125
0.085
0.11
0.06
0.055
0.045
0.055
0.075
0.05
0.055
0.095
0.07
0.055
0.045
0.05
0.08
0.145
0.05
0.045
0.065
0.075
0.04
0.07
0.1
0.04
0.09
0.05
0.06
0.05
0.08
0.06
0.05
0.075
0.05
0.065
0.11
0.07
0.055
0.055
0.055
0.1
0.045
0.07
0.065
0.085
0.1
0.06
0.075
0.035
0.075
0.055
0.085
0.03
0.06
0.05
0.065
0.075
0.07
0.06
0.06
0.08
0.08
0.065
0.065
0.065
0.055
0.05
0.07
0.065
0.05
0.08
0.095
0.105
0.04
0.065
0.09
0.05
0.04
0.07
0.06
0.04
0.07
0.06
0.07
0.105
0.045
0.065
0.1
0.065
0.05
0.06
0.09
0.095
0.065
0.055
0.06
0.105
0.11
0.08
0.055
0.065
0.11
0.07
0.055
0.05
0.075
0.07
0.095
0.085
0.085
0.075
0.1
0.075
0.14
0.085
0.1
0.08
0.065
0.06
0.085
0.06
0.08
0.095
0.05
0.105
0.085
0.07
0.07
0.075
0.035
0.095
0.08
0.08
0.09
0.05
0.08
0.08
0.045
0.07
0.065
0.08
0.08
0.06
0.065
0.08
0.075
0.04
0.045
0.065
0.035
0.105
0.09
0.045
0.095
0.08
0.08
0.08
0.105
0.075
0.105
0.06
0.065
0.06
0.065
0.045
0.08
0.075
0.1
0.085
0.07
0.075
0.045
0.08
0.055
0.065
0.08
0.055
0.06
0.045
0.095
0.035
0.095
0.02
0.095
0.035
0.09
0.06
0.07
0.05
0.06
0.07
0.04
0.08
0.095
0.05
0.09
0.095
0.1
0.095
0.025
0.05
0.08
0.065
0.065
0.07
0.055
0.09
0.06
0.085
0.1
0.095
0.07
0.085
0.095
0.075
0.095
0.06
0.05
0.05
0.135
0.075
0.09
0.06
0.33
0.45
0.47
0.445
0.5
0.625
0.49
0.625
0.575
0.625
0.64
0.69
0.705
0.73
0.69
0.77
0.685
0.695
0.72
0.745
0.715
0.7
0.725
0.645
0.765
0.7
0.75
0.68
0.74
0.74
0.76
0.75
0.77
0.7
0.725
0.755
0.685
0.79
0.765
0.76
0.755
0.76
0.74
0.775
0.76
0.755
0.74
0.775
0.79
0.725
0.795
0.755
0.785
0.81
0.775
0.76
0.72
0.745
0.81
0.71
0.765
0.76
0.77
0.69
0.71
0.75
0.775
0.76
0.705
0.75
0.785
0.73
0.79
0.71
0.8
0.75
0.765
0.745
0.81
0.775
0.8
0.805
0.79
0.805
0.82
0.83
0.81
0.83
0.795
0.79
0.775
0.75
0.815
0.755
0.79
0.78
0.725
0.8
0.775
0.815
0.795
0.815
0.805
0.815
0.775
0.795
0.795
0.795
0.74
0.81
0.815
0.84
0.79
0.775
0.85
0.785
0.775
0.84
0.8
0.775
0.81
0.825
0.73
0.82
0.82
0.805
0.75
0.785
0.74
0.78
0.82
0.825
0.845
0.8
0.77
0.79
0.815
0.725
0.83
0.745
0.76
0.795
0.79
0.825
0.815
0.82
0.835
0.77
0.83
0.79
0.805
0.845
0.78
0.84
0.82
0.78
0.81
0.83
0.89
0.815
0.775
0.82
0.77
0.775
0.76
0.845
0.765
0.8
0.74
0.785
0.775
0.79
0.825
0.715
0.825
0.71
0.775
0.79
0.81
0.77
0.86
0.82
0.8
0.84
0.815
0.78
0.9
0.825
0.795
0.815
0.835
0.77
0.77
0.8
0.805
0.79
0.77
0.82
0.8
0.815
