0.035
0.055
0.09
0.1
0.045
0.02
0.03
0.025
0.01
0.03
0.065
0.14
0.155
0.18
0.205
0.19
0.23
0.26
0.355
0.375
0.305
0.365
0.42
0.33
0.34
0.33
0.345
0.345
0.3
0.365
0.415
0.415
0.41
0.395
0.395
0.375
0.425
0.445
0.415
0.48
0.425
0.41
0.5
0.51
0.495
0.575
0.565
0.575
0.54
0.52
0.535
0.51
0.65
0.63
0.555
0.585
0.62
0.58
0.605
0.555
0.615
0.605
0.595
0.6
0.585
0.635
0.63
0.63
0.64
0.585
0.655
0.65
0.615
0.74
0.66
0.69
0.635
0.63
0.69
0.655
0.675
0.72
0.715
0.695
0.705
0.645
0.72
0.6
0.68
0.75
0.66
0.67
0.685
0.58
0.625
0.67
0.64
0.595
0.63
0.61
0.605
0.64
0.595
0.62
0.645
0.59
0.595
0.655
0.59
0.615
0.665
0.59
0.555
0.55
0.495
0.57
0.54
0.58
0.57
0.5
0.585
0.63
0.6
0.665
0.655
0.645
0.675
0.695
0.66
0.665
0.71
0.62
0.615
0.695
0.7
0.71
0.695
0.705
0.66
0.67
0.685
0.62
0.75
0.71
0.705
0.63
0.65
0.645
0.625
0.63
0.615
0.655
0.65
0.73
0.645
0.675
0.58
0.63
0.67
0.635
0.62
0.635
0.675
0.685
0.695
0.7
0.695
0.645
0.74
0.69
0.69
0.685
0.66
0.725
0.65
0.645
0.625
0.585
0.7
0.72
0.705
0.63
0.7
0.665
0.635
0.7
0.69
0.655
0.61
0.74
0.725
0.655
0.66
0.68
0.695
0.64
0.685
0.61
0.695
0.685
0.7
0.68
0.71
0.635
0.69
0.695
0.74
0.755
0.645
0.69
0.7
0.645
0.67
0.655
0.66
0.67
0.645
0.685
0.61
0.71
0.71
0.64
0.61
0.625
0.63
0.645
0.695
0.67
0.645
0.63
0.655
0.635
0.71
0.61
0.655
0.68
0.71
0.69
0.64
0.68
0.74
0.64
0.62
0.675
0.615
0.625
0.6
0.66
0.7
0.575
0.63
0.64
0.655
0.655
0.625
0.6
0.56
0.615
0.575
0.625
0.605
0.66
0.655
0.635
0.615
0.595
0.645
0.65
0.63
0.725
0.615
0.675
0.595
0.685
0.605
0.605
0.715
0.625
0.605
0.66
0.665
0.615
0.64
0.63
0.62
0.6
0.63
0.57
0.63
0.67
0.63
0.605
0.635
0.64
0.6
0.615
0.605
0.625
0.675
0.615
0.57
0.62
0.62
0.65
0.645
0.68
0.585
0.6
0.625
0.66
0.64
0.665
0.655
0.695
0.685
0.7
0.63
0.64
0.57
0.715
0.635
0.63
0.73
0.615
0.62
0.64
0.7
0.635
0.605
0.605
0.645
0.65
0.625
0.625
0.58
0.585
0.575
0.595
0.56
0.52
0.565
0.64
0.625
0.585
0.635
0.61
0.6
0.68
0.63
0.67
0.69
0.69
0.685
0.62
0.67
0.63
0.675
0.62
0.63
0.695
0.745
0.73
0.675
0.68
0.66
0.67
0.715
0.63
0.69
0.695
0.675
0.655
0.7
0.66
0.68
0.7
0.65
0.65
0.635
0.71
0.64
0.65
0.695
0.715
0.65
0.695
0.68
0.715
0.68
0.65
0.725
0.665
0.675
0.655
0.705
0.69
0.755
0.76
0.68
0.65
0.72
0.635
0.64
0.68
0.75
0.755
0.76
0.725
0.715
0.775
0.765
0.765
0.74
0.755
0.76
0.705
0.705
0.715
0.77
0.73
0.715
0.75
0.735
0.765
0.71
0.74
0.755
0.71
0.72
0.745
0.73
0.79
0.785
0.725
0.825
0.745
0.72
0.8
0.725
0.765
0.785
0.745
0.76
0.76
0.695
0.74
0.67
0.72
0.705
0.735
0.725
0.675
0.67
0.65
0.715
0.62
0.745
0.72
0.73
0.66
0.685
0.71
0.695
0.63
0.71
0.735
0.75
0.71
0.735
0.755
0.71
0.745
0.755
0.72
0.71
0.685
0.66
0.685
0.705
0.77
0.69
0.8
0.725
0.72
0.635
0.675
0.73
0.715
0.735
0.645
0.725
0.735
0.695
0.695
0.665
0.765
0.655
0.7
0.69
0.755
