0.64
0.45
0.435
0.485
0.52
0.575
0.485
0.545
0.555
0.515
0.475
0.52
0.485
0.565
0.585
0.445
0.555
0.51
0.555
0.545
0.56
0.585
0.495
0.48
0.605
0.565
0.535
0.6
0.565
0.55
0.535
0.62
0.63
0.61
0.605
0.585
0.55
0.545
0.5
0.535
0.625
0.645
0.515
0.62
0.57
0.59
0.595
0.53
0.665
0.61
0.61
0.615
0.63
0.605
0.58
0.605
0.495
0.58
0.635
0.555
0.525
0.585
0.585
0.59
0.58
0.545
0.575
0.565
0.65
0.635
0.6
0.61
0.63
0.63
0.62
0.655
0.605
0.57
0.665
0.64
0.655
0.565
0.635
0.68
0.58
0.635
0.61
0.66
0.595
0.53
0.675
0.615
0.575
0.685
0.62
0.63
0.66
0.685
0.605
0.66
0.585
0.575
0.625
0.715
0.59
0.63
0.665
0.665
0.675
0.735
0.725
0.65
0.73
0.74
0.77
0.715
0.735
0.785
0.78
0.705
0.65
0.65
0.725
0.74
0.66
0.76
0.715
0.69
0.7
0.6
0.59
0.625
0.71
0.66
0.65
0.65
0.72
0.76
0.75
0.775
0.7
0.7
0.76
0.73
0.695
0.74
0.695
0.73
0.805
0.77
0.765
0.755
0.81
0.84
0.78
0.83
0.76
0.775
0.78
0.685
0.75
0.78
0.695
0.665
0.66
0.66
0.735
0.72
0.73
0.78
0.765
0.775
0.76
0.795
0.765
0.775
0.76
0.78
0.79
0.77
0.78
0.815
0.795
0.76
0.815
0.88
0.825
0.84
0.84
0.85
0.815
0.79
0.795
0.82
0.845
0.78
0.825
0.78
0.78
0.815
0.835
0.81
0.785
0.79
0.85
0.83
0.785
0.805
0.75
0.74
0.835
0.795
0.8
0.835
0.805
0.75
0.735
0.74
0.745
0.795
0.78
0.825
0.805
0.855
0.77
0.83
0.85
0.815
0.81
0.865
0.865
0.84
0.835
0.805
0.835
0.85
0.83
0.85
0.855
0.86
0.9
0.845
0.87
0.72
0.79
0.785
0.8
0.845
0.8
0.81
0.805
0.79
0.685
0.805
0.745
0.725
0.765
0.81
0.785
0.81
0.825
0.84
0.83
0.82
0.845
0.845
0.83
0.8
0.805
0.825
0.79
0.765
0.8
0.835
0.795
0.845
0.83
0.835
0.815
0.84
0.855
0.885
0.85
0.845
0.86
0.85
0.9
0.9
0.905
0.935
0.895
0.915
0.87
0.9
0.86
0.885
0.955
0.895
0.87
0.885
0.925
0.875
0.92
0.89
0.915
0.91
0.87
0.945
0.875
0.91
0.905
0.955
0.92
0.91
0.935
0.92
0.925
0.91
0.94
0.92
0.92
0.92
0.915
0.86
0.915
0.93
0.89
0.91
0.92
0.9
0.89
0.935
0.945
0.905
0.905
0.865
0.89
0.92
0.92
0.85
0.93
0.88
0.895
0.855
0.895
0.9
0.865
0.89
0.85
0.905
0.895
0.895
0.85
0.89
0.905
0.915
0.935
0.92
0.905
0.9
0.95
0.84
0.87
0.91
0.885
0.89
0.905
0.84
0.905
0.93
0.915
0.915
0.925
0.93
0.91
0.92
0.93
0.875
0.89
0.93
0.88
0.915
0.885
0.89
0.905
0.865
0.855
0.855
0.875
0.855
0.885
0.875
0.885
0.845
0.865
0.855
0.865
0.88
0.89
0.865
0.875
0.86
0.86
0.875
0.87
0.855
0.875
0.905
0.895
0.905
0.895
0.9
0.93
0.9
0.905
0.89
0.9
0.91
0.88
0.875
0.91
0.885
0.885
0.89
0.91
0.9
0.88
0.93
0.9
0.905
0.91
0.865
0.9
0.855
0.865
0.895
0.935
0.9
0.87
0.86
0.865
0.885
0.9
0.82
0.855
0.9
0.87
0.9
0.89
0.87
0.86
0.875
0.85
0.82
0.865
0.845
0.845
0.845
0.825
0.875
0.855
0.895
0.865
0.845
0.86
0.84
0.86
0.835
0.86
0.82
0.815
0.785
0.845
0.84
0.865
0.85
0.85
0.86
0.86
0.91
0.865
0.865
0.84
0.88
0.855
0.84
0.84
0.86
0.845
0.845
0.88
0.91
0.88
0.92
0.87
0.845
0.855
0.91
0.905
0.88
