0.285
0.125
0.035
0.035
0.015
0.04
0.01
0.0
0.0
0.005
0.005
0.005
0.005
0.0
0.0
0.0
0.0
0.01
0.0
0.005
0.0
0.0
0.005
0.0
0.01
0.0
0.0
0.0
0.0
0.01
0.0
0.0
0.0
0.0
0.0
0.0
0.005
0.0
0.01
0.0
0.005
0.0
0.01
0.015
0.02
0.015
0.015
0.015
0.0
0.0
0.0
0.005
0.0
0.0
0.0
0.005
0.0
0.0
0.0
0.0
0.0
0.0
0.0
0.0
0.0
0.0
0.0
0.0
0.0
0.0
0.0
0.0
0.0
0.0
0.0
0.0
0.0
0.0
0.0
0.0
0.0
0.0
0.0
0.0
0.0
0.0
0.0
0.0
0.0
0.0
0.0
0.0
0.0
0.0
0.0
0.0
0.0
0.0
0.0
0.0
0.0
0.0
0.0
0.0
0.0
0.0
0.0
0.0
0.0
0.0
0.0
0.0
0.0
0.0
0.0
0.0
0.0
0.005
0.0
0.0
0.0
0.0
0.0
0.005
0.0
0.0
0.0
0.005
0.0
0.0
0.0
0.0
0.0
0.0
0.0
0.0
0.0
0.005
0.005
0.0
0.0
0.0
0.0
0.01
0.0
0.0
0.0
0.005
0.0
0.0
0.0
0.0
0.0
0.0
0.005
0.0
0.0
0.0
0.0
0.0
0.005
0.175
0.27
0.275
0.22
0.185
0.16
0.13
0.175
0.18
0.2
0.12
0.13
0.105
0.17
0.165
0.17
0.135
0.145
0.18
0.175
0.19
0.14
0.14
0.125
0.13
0.075
0.14
0.145
0.145
0.095
0.09
0.04
0.065
0.135
0.025
0.015
0.07
0.105
0.23
0.185
0.02
0.03
0.1
0.145
0.065
0.03
0.24
0.085
0.01
0.1
0.04
0.07
0.115
0.03
0.04
0.02
0.055
0.015
0.06
0.03
0.04
0.13
0.02
0.075
0.155
0.11
0.04
0.13
0.03
0.13
0.12
0.055
0.065
0.065
0.105
0.08
0.125
0.045
0.04
0.085
0.08
0.01
0.16
0.065
0.04
0.11
0.055
0.165
0.145
0.085
0.035
0.1
0.04
0.195
0.26
0.035
0.04
0.045
0.02
0.135
0.03
0.03
0.255
0.055
0.155
0.155
0.03
0.125
0.045
0.095
0.14
0.08
0.17
0.035
0.185
0.045
0.085
0.1
0.01
0.075
0.05
0.06
0.08
0.08
0.225
0.065
0.15
0.04
0.11
0.11
0.21
0.165
0.135
0.055
0.04
0.115
0.07
0.065
0.22
0.05
0.07
0.215
0.085
0.155
0.075
0.09
0.185
0.215
0.1
0.03
0.015
0.115
0.17
0.035
0.15
0.05
0.145
0.21
0.08
0.08
0.11
0.2
0.125
0.185
0.03
0.08
0.13
0.15
0.18
0.215
0.1
0.105
0.08
0.135
0.095
0.04
0.07
0.06
0.12
0.21
0.145
0.025
0.035
0.075
0.225
0.175
0.07
0.19
0.045
0.02
0.08
0.075
0.095
0.245
0.205
0.25
0.16
0.125
0.235
0.115
0.025
0.175
0.21
0.09
0.11
0.125
0.05
0.075
0.1
0.06
0.16
0.08
0.08
0.165
0.18
0.13
0.03
0.11
0.16
0.075
0.03
0.06
0.13
0.13
0.115
0.015
0.025
0.08
0.09
0.07
0.065
0.115
0.045
0.045
0.085
0.105
0.055
0.08
0.065
0.115
0.04
0.03
0.075
0.155
0.125
0.075
0.045
0.04
0.05
0.205
0.095
0.04
0.045
0.035
0.155
0.075
0.06
0.02
0.085
0.045
0.045
0.115
0.08
0.085
0.04
0.035
0.04
0.075
0.04
0.055
0.025
0.035
0.065
0.015
0.04
0.05
0.16
0.015
0.045
0.06
0.065
0.155
0.065
0.045
0.055
0.055
0.09
0.04
0.065
0.02
0.05
0.085
0.095
0.04
0.16
0.21
0.09
0.03
0.035
0.04
0.035
0.045
0.245
0.19
0.065
0.16
0.11
0.055
0.07
0.03
0.115
0.045
0.04
0.085
0.07
0.05
0.035
0.055
0.05
0.085
0.045
0.035
0.15
0.215
0.03
0.105
0.09
0.04
0.035
0.04
0.16
0.115
0.055
0.04
0.05
0.075
0.105
0.215
0.145
