0.83
0.75
0.805
0.83
0.81
0.79
0.815
0.79
0.795
0.825
0.815
0.815
0.79
0.81
0.815
0.79
0.79
0.815
0.81
0.74
0.83
0.82
0.875
0.835
0.815
0.87
0.785
0.84
0.825
0.86
0.85
0.85
0.825
0.855
0.885
0.86
0.85
0.835
0.835
0.84
0.835
0.84
0.905
0.88
0.835
0.865
0.89
0.87
0.84
0.875
0.845
0.92
0.875
0.87
0.87
0.885
0.87
0.87
0.875
0.895
0.83
0.895
0.885
0.925
0.885
0.885
0.885
0.9
0.87
0.94
0.87
0.86
0.93
0.865
0.895
0.885
0.87
0.89
0.925
0.905
0.905
0.915
0.865
0.935
0.915
0.875
0.915
0.87
0.91
0.905
0.925
0.91
0.905
0.895
0.905
0.895
0.93
0.89
0.85
0.95
0.87
0.905
0.93
0.94
0.915
0.905
0.935
0.93
0.95
0.935
0.9
0.91
0.925
0.9
0.91
0.91
0.94
0.92
0.915
0.955
0.92
0.905
0.925
0.93
0.935
0.905
0.93
0.955
0.935
0.95
0.93
0.945
0.935
0.935
0.935
0.92
0.965
0.95
0.91
0.925
0.915
0.955
0.93
0.945
0.945
0.94
0.94
0.94
0.935
0.92
0.95
0.9
0.95
0.905
0.945
0.945
0.935
0.935
0.92
0.945
0.925
0.965
0.915
0.93
0.925
0.94
0.9
0.955
0.93
0.955
0.935
0.95
0.94
0.965
0.965
0.905
0.955
0.95
0.965
0.935
0.95
0.92
0.95
0.94
0.945
0.955
0.96
0.975
0.97
0.965
0.94
0.955
0.96
0.95
0.945
0.94
0.93
0.93
0.955
0.965
0.94
0.93
0.955
0.955
0.945
0.955
0.95
0.97
0.965
0.925
0.945
0.97
0.94
0.965
0.935
0.95
0.96
0.96
0.915
0.955
0.97
0.905
0.97
0.96
0.97
0.965
0.975
0.95
0.955
0.965
0.925
0.94
0.975
0.95
0.96
0.995
0.97
0.945
0.955
0.965
0.96
0.965
0.93
0.95
0.935
0.99
0.95
0.95
0.96
0.975
0.945
0.945
0.965
0.98
0.96
0.935
0.965
0.95
0.965
0.965
0.955
0.955
0.98
0.955
0.965
0.975
0.98
0.96
0.985
0.965
0.965
0.965
0.95
0.965
0.935
0.97
0.965
0.95
0.955
0.965
0.975
0.95
0.965
0.955
0.96
0.975
0.94
0.975
0.965
0.975
0.95
0.965
0.945
0.965
0.96
0.97
0.98
0.965
0.95
0.97
0.94
0.985
0.96
0.985
0.965
0.96
0.985
0.97
0.96
0.945
0.965
0.95
0.98
0.96
0.945
0.95
0.95
0.96
0.955
0.955
0.945
0.98
0.96
0.94
0.965
0.96
0.965
0.955
0.96
0.935
0.945
0.95
0.955
0.94
0.95
0.97
0.97
0.97
0.965
0.955
0.945
0.965
0.965
0.92
0.955
0.955
0.955
0.965
0.93
0.975
0.96
0.965
0.94
0.945
0.94
0.955
0.935
0.955
0.955
0.95
0.945
0.965
0.925
0.955
0.95
0.94
0.945
0.975
0.95
0.96
0.95
0.985
0.975
0.965
0.965
0.965
0.975
0.93
0.955
0.98
0.955
0.97
0.98
0.985
0.955
0.955
0.975
0.965
0.945
0.95
0.955
0.965
0.96
0.975
0.98
0.95
0.97
0.975
0.96
0.98
0.935
0.98
0.985
0.985
0.96
0.975
0.96
0.955
0.94
0.96
0.94
0.93
0.95
0.975
0.955
0.96
0.95
0.935
0.955
0.98
0.965
0.975
0.975
0.955
0.965
0.965
0.97
0.94
0.96
0.955
0.97
0.965
0.99
0.955
0.95
0.945
0.975
0.95
0.94
0.955
0.97
0.965
0.97
0.965
0.94
0.955
0.98
0.97
0.945
0.94
0.965
0.945
0.955
0.965
0.965
0.99
0.98
0.93
0.985
0.965
0.965
0.945
0.97
0.955
0.975
0.95
0.95
0.97
0.98
0.96
0.955
0.94
0.955
0.975
0.975
0.98
0.94
0.98
0.95
0.965
0.97
0.975
0.96
0.955
0.965
0.955
0.98
0.975
0.955
0.965
0.965
0.965
0.955
0.975
0.955
0.95
0.965
0.965
0.935
0.96
