0.665
0.65
0.59
0.705
0.6
0.655
0.625
0.61
0.695
0.77
0.73
0.67
0.73
0.695
0.725
0.77
0.715
0.7
0.72
0.745
0.755
0.735
0.77
0.705
0.73
0.715
0.72
0.795
0.78
0.77
0.815
0.775
0.805
0.815
0.805
0.83
0.805
0.805
0.775
0.785
0.815
0.825
0.805
0.82
0.79
0.875
0.87
0.845
0.805
0.875
0.825
0.855
0.785
0.795
0.83
0.84
0.83
0.845
0.88
0.86
0.82
0.89
0.865
0.88
0.845
0.875
0.865
0.915
0.905
0.88
0.91
0.87
0.875
0.835
0.9
0.875
0.865
0.9
0.895
0.895
0.855
0.88
0.875
0.855
0.885
0.895
0.91
0.895
0.885
0.915
0.91
0.885
0.875
0.93
0.89
0.885
0.89
0.89
0.88
0.89
0.93
0.92
0.905
0.88
0.885
0.89
0.895
0.87
0.905
0.955
0.945
0.915
0.915
0.855
0.89
0.92
0.94
0.915
0.91
0.955
0.92
0.92
0.915
0.905
0.905
0.935
0.915
0.935
0.925
0.905
0.925
0.91
0.945
0.94
0.93
0.94
0.97
0.935
0.96
0.92
0.9
0.89
0.965
0.92
0.91
0.95
0.92
0.945
0.93
0.96
0.955
0.93
0.93
0.93
0.93
0.955
0.935
0.945
0.94
0.955
0.965
0.945
0.92
0.93
0.94
0.925
0.91
0.985
0.95
0.945
0.945
0.965
0.95
0.965
0.94
0.955
0.935
0.975
0.93
0.98
0.95
0.965
0.96
0.93
0.95
0.97
0.96
0.955
0.95
0.955
0.945
0.945
0.97
0.98
0.95
0.925
0.96
0.97
0.97
0.925
0.965
0.96
0.975
0.905
0.965
0.95
0.94
0.955
0.945
0.94
0.935
0.975
0.945
0.94
0.965
0.945
0.975
0.95
0.95
0.95
0.955
0.955
0.94
0.985
0.98
0.97
0.965
0.96
0.95
0.93
0.96
0.955
0.945
0.975
0.96
0.965
0.965
0.96
0.95
0.96
0.99
0.97
0.965
0.95
0.965
0.965
0.98
0.965
0.945
0.965
0.955
0.95
0.95
0.985
0.995
0.96
0.965
0.965
0.97
0.965
0.98
0.965
0.975
0.95
0.955
0.965
0.99
0.975
0.985
0.955
0.965
0.98
0.985
0.97
0.96
0.97
0.975
0.97
0.97
0.97
0.945
0.955
0.975
0.965
0.96
0.97
0.98
0.98
0.955
0.975
0.98
0.975
0.965
0.97
0.95
0.985
0.985
0.95
0.99
0.97
0.96
0.94
0.965
0.95
0.955
0.965
0.955
0.925
0.91
0.93
0.955
0.965
0.92
0.93
0.925
0.925
0.95
0.915
0.945
0.96
0.94
0.96
0.92
0.94
0.97
0.965
0.925
0.95
0.96
0.955
0.95
0.95
0.945
0.965
0.96
0.92
0.93
0.96
0.97
0.955
0.94
0.97
0.96
0.945
0.945
0.94
0.955
0.95
0.97
0.945
0.945
0.935
0.965
0.965
0.95
0.945
0.96
0.965
0.95
0.95
0.925
0.94
0.955
0.96
0.965
0.97
0.955
0.955
0.96
0.94
0.97
0.965
0.965
0.935
0.95
0.97
0.955
0.95
0.96
0.97
0.965
0.965
0.92
0.95
0.93
0.935
0.955
0.965
0.965
0.955
0.945
0.925
0.935
0.955
0.955
0.945
0.955
0.95
0.935
0.955
0.945
0.95
0.965
0.965
0.945
0.935
0.94
0.95
0.96
0.965
0.955
0.96
0.97
0.975
0.97
0.955
0.935
0.97
0.96
0.955
0.965
0.96
0.94
0.95
0.96
0.95
0.965
0.94
0.955
0.965
0.925
0.975
0.95
0.955
0.96
0.98
0.95
0.965
0.935
0.955
0.955
0.955
0.95
0.96
0.97
0.955
0.975
0.965
0.93
0.945
0.96
0.95
0.965
0.955
0.96
0.975
0.955
0.96
0.975
0.965
0.955
0.955
0.95
0.965
0.95
0.93
0.98
0.94
0.955
0.94
0.98
0.945
0.96
0.965
0.94
0.955
0.96
0.96
0.975
0.925
0.96
0.98
0.97
0.955
0.96
0.945
0.95
0.945
0.965
0.925
0.955
0.98
0.945
0.985
0.955
0.935
0.96
0.955
0.95
0.985
