0.0
0.0
0.0
0.0
0.0
0.0
0.0
0.0
0.0
0.0
0.0
0.0
0.0
0.0
0.0
0.0
0.0
0.0
0.0
0.0
0.0
0.0
0.0
0.0
0.0
0.0
0.0
0.0
0.0
0.0
0.0
0.0
0.0
0.0
0.0
0.0
0.0
0.0
0.0
0.0
0.0
0.0
0.0
0.0
0.0
0.0
0.0
0.0
0.0
0.0
0.0
0.0
0.0
0.0
0.0
0.0
0.0
0.0
0.0
0.0
0.0
0.0
0.0
0.0
0.0
0.0
0.0
0.0
0.0
0.0
0.0
0.0
0.0
0.0
0.0
0.0
0.0
0.0
0.0
0.0
0.0
0.0
0.0
0.0
0.0
0.0
0.0
0.0
0.0
0.0
0.0
0.0
0.0
0.0
0.0
0.0
0.0
0.0
0.0
0.0
0.0
0.0
0.0
0.0
0.0
0.0
0.0
0.0
0.0
0.0
0.0
0.0
0.0
0.0
0.0
0.0
0.0
0.0
0.0
0.0
0.0
0.0
0.0
0.0
0.0
0.0
0.0
0.0
0.0
0.0
0.0
0.0
0.0
0.0
0.0
0.0
0.0
0.0
0.0
0.0
0.0
0.0
0.0
0.0
0.0
0.0
0.0
0.0
0.0
0.0
0.0
0.0
0.0
0.0
0.0
0.0
0.0
0.0
0.0
0.0
0.0
0.0
0.0
0.005
0.0
0.0
0.0
0.0
0.0
0.0
0.0
0.0
0.0
0.005
0.0
0.0
0.0
0.005
0.005
0.0
0.005
0.0
0.005
0.0
0.0
0.0
0.0
0.0
0.0
0.0
0.01
0.0
0.0
0.005
0.0
0.005
0.0
0.005
0.0
0.0
0.005
0.0
0.0
0.0
0.005
0.0
0.0
0.0
0.005
0.01
0.005
0.0
0.015
0.01
0.01
0.005
0.01
0.02
0.025
0.005
0.01
0.005
0.0
0.015
0.02
0.02
0.02
0.015
0.005
0.02
0.02
0.0
0.02
0.01
0.005
0.0
0.01
0.01
0.015
0.035
0.025
0.025
0.07
0.065
0.13
0.125
0.145
0.14
0.14
0.105
0.18
0.205
0.15
0.155
0.12
0.12
0.17
0.14
0.16
0.23
0.185
0.305
0.16
0.165
0.175
0.215
0.225
0.26
0.24
0.31
0.275
0.27
0.375
0.295
0.29
0.315
0.455
0.44
0.5
0.535
0.525
0.47
0.54
0.505
0.51
0.55
0.585
0.595
0.625
0.59
0.69
0.635
0.57
0.56
0.615
0.6
0.655
0.66
0.635
0.635
0.675
0.655
0.645
0.65
0.63
0.665
0.63
0.655
0.635
0.65
0.735
0.735
0.7
0.735
0.73
0.76
0.73
0.75
0.72
0.77
0.695
0.72
0.745
0.74
0.72
0.685
0.705
0.76
0.725
0.775
0.78
0.735
0.76
0.79
0.765
0.75
0.77
0.755
0.8
0.765
0.75
0.795
0.715
0.74
0.755
0.76
0.77
0.805
0.715
0.705
0.83
0.7
0.775
0.76
0.72
0.72
0.755
0.785
0.73
0.795
0.765
0.775
0.77
0.755
0.74
0.695
0.73
0.71
0.73
0.745
0.74
0.745
0.735
0.76
0.83
0.735
0.675
0.84
0.73
0.76
0.715
0.84
0.755
0.77
0.8
0.715
0.785
0.68
0.735
0.725
0.72
0.755
0.74
0.7
0.735
0.74
0.735
0.755
0.715
0.705
0.735
0.75
0.75
0.71
0.68
0.655
0.755
0.705
0.805
0.655
0.71
0.75
0.715
0.745
0.695
0.725
0.675
0.745
0.735
0.745
0.69
0.745
0.725
0.715
0.71
0.75
0.745
0.7
0.66
0.655
0.755
0.74
0.73
0.74
0.675
0.725
0.78
0.74
0.69
0.71
0.745
0.73
0.685
0.77
0.77
0.755
0.725
0.795
0.79
0.795
0.755
0.785
0.73
0.755
0.715
0.715
0.76
0.755
0.725
0.725
0.725
0.785
0.75
0.725
0.775
0.735
0.74
0.74
0.75
0.74
0.775
0.755
0.755
0.76
0.775
0.805
0.81
0.775
0.705
0.74
0.735
0.74
0.805
0.775
0.735
0.765
0.76
0.775
0.73
0.74
0.75
0.76
0.745
0.765
0.705
0.82
0.745
0.725
0.805
0.745
