0.035
0.095
0.04
0.055
0.135
0.255
0.305
0.31
0.42
0.43
0.405
0.38
0.405
0.375
0.39
0.4
0.525
0.54
0.585
0.58
0.585
0.66
0.56
0.59
0.6
0.66
0.62
0.64
0.535
0.565
0.525
0.645
0.585
0.64
0.605
0.635
0.495
0.615
0.6
0.575
0.545
0.495
0.545
0.555
0.595
0.575
0.545
0.57
0.585
0.555
0.56
0.585
0.59
0.57
0.505
0.6
0.6
0.6
0.545
0.565
0.615
0.51
0.415
0.47
0.425
0.505
0.525
0.52
0.56
0.53
0.55
0.58
0.565
0.52
0.545
0.595
0.58
0.48
0.485
0.565
0.605
0.63
0.615
0.665
0.695
0.645
0.675
0.54
0.54
0.48
0.535
0.635
0.615
0.64
0.585
0.5
0.6
0.67
0.745
0.69
0.67
0.64
0.65
0.615
0.63
0.685
0.665
0.7
0.66
0.73
0.74
0.735
0.755
0.71
0.715
0.72
0.695
0.69
0.705
0.71
0.695
0.67
0.585
0.565
0.645
0.68
0.635
0.62
0.705
0.725
0.65
0.72
0.64
0.685
0.68
0.745
0.725
0.695
0.705
0.69
0.67
0.68
0.62
0.72
0.68
0.695
0.71
0.76
0.67
0.69
0.69
0.685
0.72
0.635
0.685
0.73
0.74
0.71
0.75
0.745
0.715
0.705
0.69
0.65
0.715
0.68
0.69
0.7
0.65
0.68
0.685
0.695
0.655
0.58
0.745
0.635
0.615
0.575
0.625
0.61
0.57
0.655
0.67
0.69
0.655
0.61
0.65
0.705
0.68
0.6
0.66
0.605
0.64
0.58
0.625
0.685
0.745
0.65
0.62
0.615
0.69
0.665
0.655
0.695
0.695
0.75
0.685
0.71
0.625
0.635
0.685
0.65
0.65
0.56
0.615
0.65
0.595
0.63
0.76
0.655
0.71
0.71
0.765
0.68
0.705
0.695
0.65
0.675
0.685
0.765
0.73
0.68
0.71
0.645
0.69
0.64
0.72
0.62
0.69
0.71
0.74
0.655
0.69
0.71
0.73
0.645
0.725
0.62
0.695
0.76
0.735
0.715
0.72
0.745
0.75
0.69
0.695
0.685
0.705
0.69
0.625
0.71
0.67
0.705
0.645
0.635
0.605
0.68
0.605
0.695
0.61
0.62
0.665
0.67
0.705
0.745
0.695
0.71
0.71
0.705
0.705
0.695
0.73
0.725
0.76
0.68
0.71
0.685
0.73
0.755
0.775
0.7
0.73
0.72
0.7
0.68
0.665
0.7
0.62
0.66
0.775
0.735
0.73
0.695
0.665
0.705
0.7
0.69
0.715
0.645
0.715
0.615
0.675
0.685
0.68
0.58
0.595
0.685
0.695
0.72
0.745
0.685
0.665
0.695
0.675
0.655
0.695
0.72
0.68
0.76
0.765
0.65
0.65
0.745
0.72
0.695
0.755
0.7
0.655
0.71
0.75
0.655
0.63
0.71
0.665
0.73
0.795
0.79
0.735
0.785
0.71
0.72
0.755
0.75
0.76
0.785
0.76
0.8
0.755
0.735
0.795
0.78
0.705
0.775
0.735
0.69
0.75
0.75
0.81
0.76
0.755
0.795
0.8
0.71
0.82
0.79
0.755
0.7
0.835
0.775
0.76
0.73
0.81
0.79
0.755
0.755
0.785
0.835
0.79
0.82
0.785
0.81
0.78
0.785
0.77
0.775
0.76
0.795
0.79
0.77
0.78
0.75
0.785
0.75
0.73
0.735
0.725
0.81
0.775
0.765
0.78
0.83
0.795
0.78
0.785
0.745
0.71
0.75
0.78
0.75
0.715
0.78
0.735
0.715
0.785
0.795
0.825
0.77
0.77
0.77
0.765
0.79
0.755
0.735
0.765
0.745
0.73
0.745
0.735
0.73
0.73
0.755
0.79
0.755
0.785
0.705
0.82
0.8
0.8
0.73
0.76
0.715
0.69
0.69
0.625
0.67
0.615
0.61
0.645
0.685
0.645
0.625
0.68
0.67
0.7
0.71
0.68
0.635
0.705
0.67
0.675
0.725
0.745
0.775
0.705
0.75
0.67
0.63
0.66
0.675
0.75
0.62
0.665
0.67
0.645
0.7
0.74
0.76
0.685
0.8
0.765
0.765
0.775
0.755
0.71
0.785
0.77
0.755
0.72
0.765
