0.0
0.005
0.0
0.0
0.0
0.0
0.005
0.0
0.0
0.005
0.01
0.005
0.0
0.005
0.015
0.005
0.0
0.0
0.015
0.005
0.01
0.01
0.0
0.0
0.005
0.035
0.04
0.015
0.02
0.015
0.015
0.0
0.025
0.01
0.015
0.015
0.02
0.005
0.0
0.0
0.01
0.01
0.02
0.015
0.005
0.02
0.005
0.025
0.02
0.015
0.01
0.015
0.01
0.015
0.005
0.01
0.0
0.015
0.01
0.01
0.015
0.01
0.025
0.005
0.025
0.05
0.055
0.03
0.03
0.02
0.0
0.0
0.015
0.015
0.015
0.005
0.005
0.005
0.005
0.005
0.005
0.0
0.0
0.015
0.01
0.015
0.0
0.0
0.01
0.005
0.02
0.015
0.02
0.005
0.015
0.02
0.035
0.02
0.015
0.01
0.0
0.0
0.01
0.02
0.01
0.0
0.005
0.02
0.005
0.01
0.02
0.005
0.005
0.025
0.005
0.02
0.01
0.025
0.005
0.005
0.005
0.0
0.0
0.02
0.01
0.015
0.015
0.005
0.02
0.02
0.005
0.03
0.01
0.01
0.0
0.015
0.025
0.01
0.035
0.02
0.045
0.025
0.055
0.035
0.03
0.005
0.025
0.01
0.015
0.03
0.01
0.01
0.015
0.02
0.01
0.005
0.01
0.015
0.025
0.01
0.01
0.01
0.025
0.02
0.015
0.02
0.02
0.01
0.02
0.015
0.035
0.025
0.015
0.025
0.035
0.025
0.025
0.01
0.015
0.015
0.03
0.01
0.01
0.01
0.005
0.015
0.0
0.005
0.015
0.02
0.005
0.0
0.015
0.005
0.035
0.02
0.005
0.02
0.015
0.02
0.01
0.01
0.0
0.015
0.005
0.015
0.015
0.025
0.01
0.015
0.025
0.01
0.005
0.0
0.035
0.02
0.03
0.005
0.02
0.01
0.015
0.0
0.01
0.005
0.005
0.01
0.015
0.01
0.0
0.005
0.005
0.02
0.035
0.03
0.02
0.005
0.01
0.025
0.02
0.01
0.015
0.005
0.005
0.0
0.0
0.005
0.035
0.0
0.005
0.01
0.01
0.01
0.02
0.005
0.005
0.005
0.015
0.04
0.03
0.01
0.01
0.0
0.02
0.025
0.025
0.025
0.01
0.015
0.015
0.005
0.005
0.005
0.01
0.025
0.03
0.02
0.01
0.03
0.05
0.015
0.01
0.015
0.005
0.005
0.025
0.01
0.01
0.005
0.01
0.0
0.005
0.01
0.01
0.0
0.02
0.005
0.05
0.04
0.005
0.015
0.195
0.255
0.315
0.33
0.51
0.485
0.46
0.475
0.38
0.45
0.45
0.48
0.485
0.47
0.55
0.47
0.525
0.49
0.495
0.53
0.47
0.515
0.51
0.445
0.5
0.535
0.535
0.51
0.585
0.515
0.48
0.565
0.535
0.53
0.54
0.585
0.565
0.555
0.555
0.615
0.56
0.52
0.58
0.605
0.51
0.585
0.605
0.575
0.55
0.585
0.495
0.55
0.585
0.56
0.58
0.57
0.565
0.6
0.55
0.52
0.535
0.43
0.545
0.5
0.55
0.495
0.5
0.545
0.56
0.52
0.54
0.525
0.525
0.425
0.565
0.535
0.515
0.585
0.55
0.53
0.545
0.49
0.54
0.575
0.52
0.51
0.53
0.555
0.465
0.565
0.52
0.55
0.56
0.515
0.57
0.545
0.525
0.54
0.565
0.55
0.56
0.61
0.54
0.515
0.61
0.56
0.53
0.61
0.535
0.52
0.49
0.51
0.565
0.525
0.52
0.475
0.55
0.515
0.585
0.6
0.62
0.56
0.535
0.595
0.61
0.55
0.56
0.515
0.635
0.625
0.58
0.57
0.63
0.57
0.56
0.59
0.56
0.605
0.555
0.615
0.63
0.605
0.54
0.555
0.545
0.595
0.595
0.58
0.635
0.54
0.64
0.605
0.55
0.475
0.61
0.58
0.53
0.56
0.6
0.605
0.54
0.665
0.615
0.64
0.655
0.585
0.61
0.61
0.61
0.62
0.6
0.565
0.615
0.59
0.64
0.555
0.54
0.685
0.59
0.585
0.585
0.565
0.62
0.585
0.595
0.615
0.59
0.605
0.64
0.625
0.59
0.625
0.635
0.615
0.605
0.7
0.63
0.585
0.575
0.575
