0.0
0.0
0.0
0.0
0.0
0.0
0.0
0.0
0.0
0.0
0.0
0.0
0.0
0.0
0.0
0.0
0.0
0.0
0.0
0.0
0.0
0.0
0.0
0.0
0.0
0.0
0.0
0.0
0.0
0.0
0.0
0.0
0.0
0.0
0.0
0.0
0.0
0.0
0.0
0.0
0.0
0.0
0.0
0.0
0.0
0.0
0.0
0.0
0.0
0.0
0.0
0.0
0.0
0.0
0.0
0.0
0.0
0.0
0.0
0.0
0.0
0.0
0.0
0.0
0.0
0.0
0.0
0.0
0.0
0.0
0.0
0.0
0.0
0.0
0.0
0.0
0.0
0.0
0.0
0.0
0.0
0.0
0.0
0.0
0.0
0.0
0.0
0.0
0.0
0.0
0.0
0.0
0.0
0.0
0.0
0.0
0.0
0.0
0.0
0.0
0.0
0.0
0.0
0.0
0.0
0.0
0.0
0.0
0.0
0.0
0.0
0.0
0.0
0.0
0.0
0.0
0.0
0.0
0.0
0.0
0.0
0.0
0.0
0.0
0.0
0.0
0.0
0.0
0.0
0.0
0.0
0.0
0.0
0.0
0.0
0.0
0.0
0.0
0.0
0.0
0.0
0.0
0.0
0.0
0.0
0.0
0.0
0.0
0.0
0.0
0.0
0.0
0.0
0.0
0.0
0.0
0.0
0.0
0.0
0.0
0.0
0.0
0.0
0.0
0.0
0.0
0.0
0.0
0.0
0.0
0.0
0.0
0.0
0.0
0.0
0.0
0.0
0.0
0.0
0.0
0.0
0.0
0.0
0.0
0.0
0.0
0.0
0.0
0.0
0.0
0.0
0.0
0.0
0.0
0.0
0.0
0.0
0.0
0.0
0.0
0.0
0.0
0.0
0.0
0.0
0.0
0.0
0.0
0.0
0.0
0.0
0.0
0.0
0.0
0.0
0.0
0.0
0.0
0.0
0.0
0.0
0.0
0.0
0.0
0.0
0.0
0.0
0.0
0.0
0.0
0.0
0.0
0.0
0.0
0.0
0.0
0.0
0.0
0.0
0.0
0.0
0.0
0.0
0.0
0.0
0.0
0.0
0.0
0.0
0.0
0.0
0.0
0.0
0.0
0.0
0.0
0.0
0.0
0.0
0.0
0.0
0.0
0.0
0.0
0.0
0.0
0.0
0.0
0.0
0.0
0.0
0.0
0.0
0.0
0.0
0.0
0.0
0.0
0.0
0.0
0.0
0.0
0.0
0.0
0.0
0.0
0.0
0.0
0.0
0.0
0.0
0.0
0.0
0.0
0.0
0.0
0.0
0.0
0.0
0.0
0.0
0.015
0.02
0.025
0.035
0.025
0.06
0.07
0.085
0.11
0.12
0.21
0.2
0.24
0.305
0.295
0.435
0.515
0.445
0.405
0.405
0.405
0.525
0.67
0.71
0.65
0.65
0.66
0.595
0.595
0.635
0.63
0.58
0.61
0.59
0.66
0.75
0.73
0.735
0.68
0.63
0.7
0.735
0.66
0.68
0.705
0.77
0.745
0.735
0.74
0.75
0.695
0.7
0.715
0.7
0.74
0.78
0.685
0.695
0.72
0.72
0.645
0.685
0.71
0.755
0.7
0.72
0.72
0.635
0.725
0.645
0.71
0.695
0.71
0.77
0.735
0.76
0.735
0.75
0.79
0.85
0.785
0.735
0.835
0.79
0.78
0.8
0.79
0.77
0.745
0.75
0.72
0.775
0.76
0.8
0.77
0.72
0.825
0.765
0.77
0.74
0.76
0.775
0.79
0.73
0.74
0.77
0.83
0.78
0.79
0.87
0.84
0.81
0.755
0.785
0.8
0.795
0.8
0.825
0.825
0.8
0.81
0.795
0.81
0.78
0.795
0.805
0.72
0.76
0.83
0.785
0.74
0.8
0.755
0.72
0.82
0.795
0.775
0.775
0.805
0.7
0.77
0.78
0.76
0.815
0.755
0.775
0.805
0.765
0.795
0.85
0.78
0.78
0.795
0.835
0.815
0.81
0.715
0.85
0.755
0.73
0.73
0.79
0.755
0.785
0.79
0.795
0.825
0.8
0.775
0.765
0.855
0.75
0.795
0.78
0.785
0.83
0.85
0.78
0.86
0.805
0.765
0.845
0.825
0.845
0.75
0.8
0.845
0.8
0.81
0.81
0.815
0.775
0.82
0.82
0.81
0.8
0.74
0.805
0.855
