0.0
0.0
0.0
0.0
0.0
0.0
0.005
0.0
0.0
0.0
0.0
0.0
0.0
0.0
0.0
0.0
0.0
0.0
0.0
0.0
0.0
0.0
0.0
0.0
0.0
0.0
0.0
0.0
0.0
0.0
0.0
0.0
0.0
0.0
0.0
0.0
0.0
0.0
0.0
0.0
0.0
0.0
0.0
0.0
0.0
0.0
0.0
0.0
0.0
0.0
0.0
0.0
0.0
0.0
0.0
0.0
0.0
0.0
0.0
0.005
0.005
0.0
0.0
0.0
0.0
0.0
0.0
0.0
0.0
0.0
0.005
0.0
0.0
0.0
0.0
0.0
0.0
0.0
0.0
0.0
0.0
0.0
0.0
0.0
0.0
0.0
0.0
0.0
0.0
0.0
0.005
0.0
0.0
0.0
0.0
0.005
0.0
0.0
0.0
0.0
0.0
0.0
0.0
0.0
0.0
0.005
0.0
0.0
0.0
0.0
0.005
0.0
0.0
0.0
0.0
0.0
0.0
0.0
0.005
0.0
0.0
0.0
0.0
0.0
0.0
0.0
0.0
0.0
0.0
0.0
0.0
0.0
0.0
0.0
0.0
0.0
0.0
0.0
0.0
0.0
0.0
0.0
0.0
0.0
0.0
0.005
0.0
0.0
0.0
0.0
0.0
0.0
0.0
0.0
0.0
0.0
0.005
0.0
0.0
0.0
0.0
0.005
0.0
0.0
0.0
0.0
0.0
0.0
0.0
0.0
0.0
0.0
0.0
0.005
0.0
0.0
0.0
0.0
0.0
0.0
0.0
0.0
0.0
0.0
0.005
0.0
0.0
0.0
0.0
0.0
0.005
0.0
0.0
0.0
0.0
0.0
0.0
0.0
0.0
0.0
0.0
0.0
0.005
0.0
0.0
0.0
0.0
0.0
0.0
0.0
0.0
0.0
0.0
0.0
0.0
0.0
0.0
0.0
0.0
0.0
0.0
0.0
0.0
0.0
0.0
0.0
0.0
0.0
0.0
0.0
0.0
0.0
0.0
0.0
0.0
0.0
0.0
0.0
0.0
0.0
0.0
0.0
0.0
0.0
0.0
0.0
0.0
0.0
0.0
0.0
0.0
0.0
0.0
0.0
0.0
0.0
0.0
0.0
0.0
0.0
0.0
0.0
0.0
0.0
0.0
0.0
0.0
0.0
0.0
0.0
0.0
0.0
0.0
0.0
0.0
0.0
0.0
0.0
0.0
0.0
0.0
0.0
0.0
0.0
0.0
0.0
0.0
0.0
0.0
0.0
0.0
0.0
0.0
0.0
0.0
0.0
0.0
0.005
0.0
0.0
0.1
0.14
0.3
0.34
0.32
0.405
0.395
0.455
0.445
0.43
0.375
0.41
0.4
0.435
0.405
0.46
0.445
0.515
0.485
0.505
0.47
0.55
0.57
0.565
0.57
0.495
0.495
0.55
0.575
0.535
0.6
0.615
0.555
0.545
0.56
0.61
0.59
0.595
0.56
0.545
0.62
0.585
0.525
0.595
0.58
0.55
0.535
0.545
0.62
0.58
0.59
0.565
0.57
0.56
0.555
0.535
0.585
0.555
0.56
0.595
0.645
0.59
0.55
0.65
0.57
0.55
0.565
0.58
0.58
0.58
0.585
0.59
0.62
0.62
0.58
0.56
0.54
0.54
0.595
0.55
0.57
0.505
0.58
0.62
0.6
0.58
0.58
0.565
0.55
0.57
0.63
0.55
0.52
0.6
0.575
0.635
0.635
0.63
0.65
0.59
0.585
0.675
0.62
0.57
0.66
0.655
0.6
0.675
0.59
0.66
0.665
0.555
0.615
0.685
0.63
0.63
0.655
0.585
0.62
0.615
0.56
0.59
0.645
0.58
0.57
0.635
0.635
0.6
0.6
0.55
0.565
0.685
0.52
0.6
0.585
0.605
0.625
0.61
0.63
0.655
0.58
0.635
0.6
0.635
0.605
0.635
0.635
0.59
0.685
0.595
0.58
0.585
0.58
0.61
0.585
0.575
0.635
0.58
0.63
0.63
0.555
0.615
0.6
0.635
0.645
0.64
0.715
0.66
0.66
0.595
0.59
0.685
0.56
0.58
0.565
0.63
0.58
0.685
0.65
0.615
0.64
0.605
0.635
0.665
0.625
0.685
0.645
0.575
0.635
0.645
0.605
0.64
0.71
0.65
0.615
0.645
0.57
0.62
0.605
0.58
