0.0
0.0
0.0
0.0
0.0
0.0
0.0
0.0
0.0
0.0
0.0
0.0
0.0
0.0
0.0
0.0
0.0
0.0
0.0
0.0
0.0
0.0
0.0
0.0
0.0
0.0
0.0
0.0
0.0
0.0
0.0
0.0
0.0
0.0
0.0
0.0
0.0
0.0
0.0
0.0
0.0
0.0
0.0
0.0
0.0
0.0
0.0
0.0
0.0
0.0
0.0
0.0
0.0
0.0
0.0
0.0
0.0
0.0
0.0
0.0
0.0
0.0
0.0
0.0
0.0
0.0
0.0
0.0
0.0
0.0
0.0
0.0
0.0
0.0
0.0
0.0
0.0
0.0
0.0
0.0
0.0
0.0
0.0
0.0
0.0
0.0
0.0
0.0
0.0
0.0
0.0
0.0
0.0
0.0
0.0
0.0
0.0
0.0
0.0
0.0
0.0
0.0
0.0
0.0
0.0
0.0
0.0
0.0
0.0
0.0
0.0
0.0
0.0
0.0
0.0
0.0
0.0
0.0
0.0
0.0
0.0
0.0
0.0
0.0
0.0
0.0
0.0
0.0
0.0
0.0
0.0
0.0
0.0
0.0
0.0
0.0
0.0
0.0
0.0
0.0
0.0
0.0
0.0
0.0
0.0
0.0
0.0
0.0
0.0
0.0
0.0
0.0
0.0
0.0
0.0
0.0
0.0
0.0
0.0
0.0
0.0
0.0
0.0
0.0
0.0
0.0
0.0
0.0
0.0
0.0
0.0
0.0
0.0
0.0
0.0
0.0
0.0
0.0
0.0
0.0
0.0
0.0
0.0
0.0
0.0
0.0
0.0
0.0
0.0
0.0
0.0
0.0
0.0
0.0
0.0
0.0
0.0
0.0
0.0
0.0
0.0
0.0
0.0
0.0
0.0
0.0
0.0
0.0
0.0
0.0
0.0
0.0
0.0
0.0
0.0
0.0
0.0
0.0
0.0
0.0
0.0
0.0
0.0
0.0
0.0
0.0
0.0
0.0
0.0
0.0
0.0
0.0
0.0
0.0
0.0
0.0
0.0
0.0
0.0
0.0
0.0
0.0
0.0
0.0
0.0
0.0
0.0
0.0
0.0
0.0
0.0
0.0
0.0
0.0
0.0
0.0
0.0
0.0
0.0
0.0
0.0
0.0
0.0
0.0
0.0
0.0
0.0
0.0
0.0
0.0
0.0
0.0
0.0
0.0
0.0
0.0
0.0
0.0
0.0
0.0
0.0
0.0
0.0
0.0
0.0
0.0
0.0
0.0
0.0
0.0
0.0
0.0
0.0
0.0
0.0
0.0
0.0
0.0
0.0
0.0
0.115
0.265
0.345
0.485
0.48
0.445
0.495
0.52
0.465
0.54
0.525
0.615
0.545
0.585
0.565
0.63
0.65
0.585
0.6
0.63
0.56
0.585
0.59
0.59
0.655
0.54
0.505
0.63
0.62
0.615
0.52
0.645
0.56
0.625
0.7
0.675
0.695
0.625
0.64
0.695
0.665
0.655
0.6
0.575
0.665
0.71
0.68
0.665
0.675
0.665
0.72
0.64
0.665
0.665
0.65
0.66
0.68
0.62
0.665
0.68
0.62
0.65
0.63
0.575
0.565
0.65
0.54
0.605
0.57
0.66
0.61
0.645
0.595
0.635
0.64
0.6
0.59
0.635
0.515
0.57
0.53
0.575
0.575
0.49
0.515
0.565
0.68
0.67
0.655
0.595
0.645
0.64
0.585
0.63
0.585
0.595
0.54
0.565
0.645
0.62
0.675
0.685
0.68
0.625
0.595
0.62
0.61
0.685
0.655
0.625
0.63
0.605
0.67
0.645
0.645
0.66
0.675
0.645
0.62
0.605
0.61
0.625
0.69
0.61
0.63
0.615
0.635
0.675
0.555
0.68
0.685
0.68
0.68
0.63
0.675
0.705
0.71
0.63
0.64
0.69
0.66
0.685
0.665
0.695
0.67
0.655
0.645
0.68
0.615
0.57
0.58
0.575
0.575
0.53
0.55
0.555
0.605
0.595
0.6
0.65
0.58
0.665
0.63
0.68
0.665
0.665
0.715
0.605
0.715
0.7
0.71
0.75
0.72
0.67
0.705
0.69
0.62
0.675
0.7
0.695
0.65
0.705
0.66
0.695
0.745
0.71
0.705
0.73
0.73
0.745
0.7
0.665
0.745
0.67
0.735
0.71
0.735
0.735
0.715
0.695
