0.0
0.0
0.0
0.0
0.0
0.0
0.0
0.0
0.0
0.0
0.0
0.0
0.0
0.0
0.0
0.0
0.0
0.0
0.0
0.0
0.0
0.005
0.0
0.0
0.0
0.0
0.0
0.0
0.0
0.0
0.0
0.0
0.0
0.0
0.0
0.0
0.005
0.0
0.0
0.0
0.0
0.0
0.0
0.0
0.0
0.0
0.0
0.0
0.0
0.0
0.0
0.0
0.0
0.0
0.0
0.01
0.0
0.0
0.0
0.0
0.0
0.0
0.0
0.0
0.0
0.0
0.0
0.0
0.0
0.0
0.01
0.0
0.005
0.0
0.0
0.0
0.0
0.0
0.0
0.0
0.0
0.0
0.0
0.0
0.0
0.0
0.0
0.0
0.0
0.0
0.005
0.0
0.0
0.0
0.0
0.0
0.0
0.0
0.0
0.0
0.0
0.0
0.0
0.0
0.005
0.0
0.0
0.0
0.0
0.0
0.0
0.0
0.0
0.0
0.0
0.0
0.0
0.0
0.0
0.0
0.0
0.0
0.0
0.0
0.0
0.0
0.0
0.005
0.0
0.0
0.0
0.0
0.0
0.0
0.0
0.0
0.0
0.0
0.0
0.0
0.0
0.0
0.0
0.0
0.0
0.0
0.0
0.0
0.0
0.0
0.0
0.0
0.0
0.0
0.0
0.0
0.0
0.0
0.0
0.0
0.0
0.0
0.0
0.0
0.0
0.0
0.0
0.0
0.0
0.0
0.0
0.0
0.0
0.0
0.0
0.0
0.0
0.0
0.0
0.0
0.0
0.0
0.0
0.0
0.0
0.0
0.0
0.0
0.0
0.0
0.0
0.005
0.005
0.005
0.0
0.005
0.0
0.0
0.0
0.0
0.0
0.0
0.0
0.0
0.0
0.0
0.0
0.0
0.0
0.0
0.0
0.0
0.0
0.0
0.0
0.0
0.0
0.0
0.0
0.0
0.0
0.0
0.0
0.0
0.0
0.0
0.0
0.0
0.0
0.0
0.005
0.0
0.0
0.0
0.0
0.0
0.0
0.0
0.0
0.0
0.0
0.0
0.0
0.0
0.0
0.0
0.0
0.0
0.0
0.0
0.0
0.0
0.0
0.0
0.0
0.0
0.0
0.0
0.0
0.0
0.0
0.0
0.0
0.0
0.0
0.0
0.0
0.0
0.0
0.0
0.01
0.0
0.0
0.0
0.0
0.0
0.0
0.0
0.0
0.0
0.0
0.0
0.0
0.0
0.0
0.0
0.005
0.0
0.0
0.0
0.0
0.0
0.0
0.0
0.0
0.0
0.0
0.0
0.0
0.0
0.015
0.055
0.085
0.155
0.09
0.13
0.12
0.145
0.125
0.11
0.135
0.21
0.245
0.16
0.23
0.235
0.18
0.245
0.23
0.255
0.25
0.19
0.235
0.23
0.225
0.25
0.195
0.27
0.215
0.23
0.24
0.245
0.235
0.26
0.23
0.295
0.225
0.25
0.245
0.265
0.26
0.265
0.195
0.255
0.24
0.255
0.25
0.245
0.24
0.215
0.27
0.26
0.24
0.18
0.25
0.245
0.235
0.285
0.255
0.305
0.215
0.215
0.305
0.305
0.34
0.25
0.245
0.215
0.255
0.26
0.26
0.29
0.28
0.255
0.285
0.28
0.275
0.245
0.27
0.26
0.215
0.2
0.29
0.31
0.305
0.31
0.29
0.325
0.34
0.3
0.28
0.33
0.265
0.29
0.28
0.295
0.25
0.28
0.275
0.285
0.3
0.31
0.295
0.245
0.29
0.29
0.245
0.285
0.265
0.32
0.32
0.22
0.28
0.325
0.275
0.28
0.315
0.285
0.27
0.34
0.325
0.285
0.345
0.3
0.285
0.3
0.325
0.315
0.35
0.365
0.325
0.355
0.3
0.345
0.28
0.34
0.335
0.31
0.305
0.33
0.325
0.27
0.335
0.34
0.35
0.31
0.305
0.31
0.285
0.32
0.295
0.34
0.315
0.345
0.285
0.34
0.3
0.22
0.255
0.3
0.295
0.25
0.275
0.315
0.29
0.255
0.24
0.265
0.29
0.33
0.215
0.265
0.275
0.275
0.27
0.315
0.275
0.385
0.36
0.3
0.37
0.29
0.315
0.29
0.34
0.34
0.315
0.305
0.295
0.335
0.325
0.335
0.27
0.3
0.32
0.33
0.325
0.31
0.29
0.28
