0.0
0.0
0.0
0.005
0.005
0.015
0.0
0.0
0.0
0.0
0.01
0.0
0.02
0.025
0.005
0.015
0.005
0.0
0.005
0.005
0.0
0.0
0.0
0.005
0.0
0.0
0.0
0.0
0.0
0.0
0.005
0.01
0.015
0.03
0.015
0.02
0.01
0.0
0.0
0.05
0.04
0.03
0.03
0.04
0.05
0.02
0.04
0.02
0.03
0.02
0.04
0.035
0.03
0.025
0.03
0.03
0.04
0.015
0.055
0.035
0.065
0.05
0.055
0.045
0.045
0.075
0.055
0.07
0.05
0.045
0.065
0.04
0.065
0.09
0.07
0.065
0.08
0.065
0.045
0.045
0.045
0.045
0.035
0.025
0.02
0.03
0.05
0.025
0.04
0.03
0.03
0.02
0.0
0.0
0.0
0.0
0.0
0.0
0.005
0.015
0.005
0.0
0.0
0.015
0.005
0.0
0.0
0.0
0.005
0.0
0.0
0.0
0.0
0.0
0.005
0.005
0.0
0.0
0.0
0.0
0.0
0.025
0.02
0.035
0.02
0.035
0.045
0.115
0.075
0.095
0.105
0.105
0.06
0.085
0.065
0.07
0.055
0.035
0.05
0.035
0.05
0.09
0.065
0.055
0.075
0.065
0.1
0.075
0.035
0.055
0.055
0.095
0.08
0.07
0.05
0.065
0.06
0.085
0.08
0.08
0.085
0.09
0.09
0.075
0.035
0.04
0.075
0.0
0.005
0.0
0.01
0.0
0.0
0.005
0.0
0.0
0.0
0.0
0.0
0.005
0.005
0.0
0.0
0.015
0.015
0.02
0.005
0.0
0.005
0.0
0.005
0.005
0.005
0.005
0.0
0.0
0.0
0.0
0.015
0.005
0.01
0.0
0.005
0.0
0.0
0.015
0.005
0.005
0.005
0.015
0.0
0.01
0.005
0.0
0.005
0.0
0.0
0.005
0.005
0.0
0.02
0.005
0.01
0.015
0.0
0.015
0.0
0.015
0.025
0.0
0.005
0.005
0.01
0.01
0.02
0.0
0.0
0.005
0.005
0.005
0.015
0.025
0.005
0.0
0.0
0.005
0.005
0.0
0.005
0.0
0.015
0.015
0.005
0.01
0.005
0.015
0.005
0.0
0.02
0.015
0.005
0.0
0.015
0.0
0.015
0.0
0.005
0.005
0.0
0.01
0.005
0.01
0.015
0.0
0.005
0.01
0.02
0.025
0.01
0.0
0.015
0.01
0.0
0.0
0.005
0.025
0.005
0.0
0.015
0.005
0.015
0.01
0.015
0.01
0.005
0.015
0.005
0.0
0.005
0.01
0.0
0.005
0.015
0.015
0.015
0.025
0.01
0.0
0.015
0.005
0.0
0.0
0.0
0.0
0.005
0.02
0.01
0.02
0.015
0.01
0.0
0.005
0.04
0.03
0.03
0.01
0.02
0.01
0.025
0.0
0.005
0.03
0.005
0.01
0.025
0.0
0.02
0.03
0.025
0.0
0.02
0.0
0.005
0.0
0.0
0.005
0.0
0.01
0.015
0.0
0.0
0.005
0.015
0.005
0.0
0.02
0.01
0.005
0.03
0.04
0.02
0.02
0.035
0.035
0.01
0.01
0.005
0.02
0.02
0.025
0.03
0.0
0.005
0.005
0.01
0.01
0.0
0.025
0.015
0.01
0.0
0.015
0.015
0.0
0.005
0.005
0.005
0.0
0.01
0.005
0.015
0.025
0.035
0.015
0.01
0.03
0.02
0.01
0.005
0.0
0.04
0.03
0.005
0.015
0.01
0.04
0.045
0.005
0.055
0.015
0.025
0.03
0.015
0.02
0.025
0.015
0.02
0.015
0.03
0.01
0.025
0.01
0.02
0.01
0.015
0.0
0.0
0.005
0.005
0.03
0.02
0.01
0.015
0.03
0.025
0.03
0.015
0.01
0.0
0.015
0.015
0.035
0.005
0.035
0.02
0.035
0.02
0.01
0.025
0.005
0.015
0.005
0.01
0.035
0.02
0.02
0.015
0.025
0.06
0.05
0.025
0.085
0.065
0.07
0.095
0.095
0.1
0.18
0.115
0.175
0.19
0.23
0.19
0.18
0.185
0.185
0.185
0.155
0.18
0.165
0.22
0.22
0.205
0.195
0.16
0.195
0.19
0.19
0.18
0.14
0.135
0.14
0.21
0.255
0.14
0.18
0.14
0.17
0.145
0.16
